6,12,4
4,14,4
3,14,4
2,14,4
3,15,4
4,15,4
5,15,4
6,15,4
5,16,4
1,15,4
0,15,4
0,16,4
1,16,4
2,15,4
79,16,4
79,17,4
0,17,4
1,17,4
2,16,4
3,16,4
2,17,4
3,17,4
4,17,4
4,16,4
5,17,6
5,18,6
4,18,4
3,18,4
2,18,4
1,18,4
78,17,4
77,18,3
76,17,3
76,18,3
75,18,3
74,18,2
73,18,2
73,19,2
72,18,2
71,19,2
70,18,2
69,19,2
68,18,2
67,18,2
66,18,2
66,17,2
65,18,2
64,17,1
63,18,1
62,17,1
61,18,1
60,18,1
59,18,1
58,17,1
57,18,1
57,17,1
56,17,1
55,17,1
55,18,1
55,19,1
56,19,1
56,20,1
57,20,1
58,20,1
58,21,1
59,21,1
59,22,1
60,21,1
61,22,1
61,23,1
61,24,1
61,25,13
61,26,13
60,25,13
60,26,13
60,27,13
60,28,13
60,29,13
60,30,13
60,31,13
60,32,13
61,33,13
61,34,13
62,34,13
61,35,13
60,35,13
60,36,13
60,37,13
60,38,13
60,39,14
60,40,14
61,41,14
62,41,14
63,42,14
63,43,14
63,44,14
64,44,14
65,45,14
66,45,14
67,46,14
68,45,14
70,46,14
71,46,14
72,46,14
73,46,14
74,46,14
75,47,14
76,46,15
77,47,15
78,46,15
78,47,15
79,47,15
78,45,15
78,44,15
79,44,15
0,42,15
1,42,15
2,41,15
3,41,15
4,40,15
5,40,16
6,39,16
2,19,3
3,20,3
4,20,3
4,21,3
4,22,5
5,23,5
6,22,5
6,23,5
7,24,5
7,25,5
7,26,5
8,26,5
9,27,9
9,28,9
9,29,9
8,29,11
8,30,11
7,31,11
7,32,11
7,33,11
7,34,11
7,35,11
7,36,11
7,37,16
6,37,15
6,38,16
7,40,16
8,40,16
9,41,16
10,40,16
11,41,16
11,42,16
12,41,16
12,42,16
13,43,16
14,43,16
15,44,16
16,44,16
17,45,16
18,44,16
18,45,17
19,45,19
20,44,19
21,45,19
22,45,19
23,45,19
24,45,19
25,45,19
26,45,19
27,45,19
28,45,19
29,45,19
29,46,19
30,45,19
30,44,19
31,43,19
31,42,26
32,41,26
32,40,26
32,39,26
32,38,26
32,37,26
32,36,26
32,35,26
33,35,28
33,34,28
33,33,28
33,32,28
33,31,28
33,30,28
33,29,28
33,28,27
33,27,27
34,27,27
34,26,27
35,27,27
35,26,27
36,26,27
36,25,27
37,26,27
38,25,27
39,25,31
7,15,4
8,14,4
9,14,6
10,14,6
12,14,6
13,15,6
14,15,6
15,16,7
16,15,7
17,16,7
18,15,7
19,16,7
20,15,7
21,16,7
22,15,7
23,15,7
24,14,32
25,15,32
26,14,32
27,15,32
28,14,32
29,15,32
30,14,32
31,15,32
32,14,32
33,15,32
34,14,32
35,15,31
36,14,31
37,14,31
38,14,31
39,14,31
40,14,31
41,14,31
42,14,31
43,14,31
43,15,31
44,15,31
45,15,31
46,15,31
46,14,31
47,15,31
48,14,31
49,14,31
50,15,31
50,16,31
49,17,31
48,17,31
47,18,31
47,19,31
47,20,31
47,21,31
47,22,31
46,22,31
45,23,31
44,22,31
44,23,31
40,24,31
50,14,31
43,23,31
42,23,31
41,24,31
40,23,31
11,15,6
5,12,4
1,14,4
5,19,6
6,16,6
6,17,6
7,13,4
8,13,4
7,17,6
7,16,6
8,15,6
7,18,6
6,18,6
5,20,3
6,19,6
8,16,6
9,15,6
10,13,6
11,12,7
4,19,3
3,21,3
3,19,4
2,20,3
1,20,3
1,19,3
5,21,5
0,19,3
0,18,4
79,18,4
78,18,3
79,19,3
1,21,3
2,21,3
3,22,3
0,20,3
79,20,3
78,19,3
5,22,5
3,23,5
3,24,5
4,23,5
4,24,5
5,24,5
7,23,5
6,24,5
5,25,5
7,22,5
8,22,5
8,23,5
8,24,5
73,45,14
73,44,14
74,43,14
75,43,14
76,42,14
77,43,15
78,42,15
74,44,14
74,45,14
75,45,14
75,44,14
76,44,14
76,45,14
75,46,14
77,46,15
77,45,15
79,45,15
79,43,15
0,43,15
78,43,15
77,44,15
76,43,14
79,48,15
79,46,15
0,45,15
0,46,15
0,47,15
2,47,15
2,46,15
2,45,15
1,45,15
0,44,15
1,46,15
1,47,15
1,43,15
1,44,15
2,43,15
2,44,15
3,47,15
3,46,15
3,45,15
3,44,15
3,43,15
2,42,15
0,41,15
79,42,15
78,41,15
77,42,15
77,41,15
78,40,15
79,41,15
0,40,15
72,45,14
71,45,14
72,44,14
72,43,14
73,43,14
74,42,14
77,40,15
1,41,15
1,40,15
2,40,15
2,39,15
1,39,15
1,38,15
0,39,15
0,38,15
78,39,15
77,39,15
79,39,15
79,40,15
2,38,15
3,39,15
3,40,15
4,39,15
4,41,15
3,42,15
4,42,15
4,43,15
4,44,15
4,45,15
6,42,16
5,43,16
5,42,16
5,41,16
6,40,16
5,39,16
7,38,16
8,36,16
9,37,16
9,36,10
10,36,16
11,37,16
12,37,16
13,38,16
14,38,16
15,39,10
15,40,10
15,41,16
16,41,16
16,42,16
16,43,16
15,45,16
16,45,16
16,46,16
15,47,16
15,48,16
14,47,16
13,47,16
13,46,16
13,45,16
12,45,16
12,44,16
11,45,16
11,46,17
10,45,16
10,46,17
9,46,16
9,45,16
9,44,16
9,43,16
8,42,16
7,43,16
7,42,16
8,41,16
7,41,16
6,41,16
7,39,16
8,39,16
9,38,16
9,39,16
8,38,16
8,37,16
9,40,16
9,42,16
10,42,16
10,41,16
10,39,16
10,38,16
10,43,16
10,44,16
11,40,16
11,39,16
11,38,16
10,37,16
12,38,16
12,39,16
12,40,16
12,43,16
11,44,16
11,43,16
13,39,16
13,40,16
13,41,16
13,42,16
13,44,16
14,46,16
14,45,16
14,44,16
14,42,16
14,41,16
14,40,16
14,39,16
15,43,16
15,42,16
15,46,16
17,44,16
18,43,16
17,43,16
17,42,16
18,42,16
19,43,16
19,44,16
8,28,9
7,30,11
8,35,11
6,36,11
6,35,11
6,34,11
6,33,11
5,34,11
5,35,11
10,35,10
10,34,10
11,35,10
11,34,10
12,33,10
12,32,9
13,32,9
14,31,9
14,30,9
15,31,9
15,30,9
16,30,9
16,29,9
16,28,9
17,28,27
17,27,8
16,26,8
17,26,8
17,25,8
17,24,8
18,23,8
18,22,8
19,22,8
19,21,8
19,20,8
18,19,8
18,20,8
17,20,8
16,20,8
15,20,8
14,20,8
13,21,8
12,21,8
12,22,8
11,22,8
11,23,8
10,23,5
9,24,5
9,25,5
8,25,5
9,26,5
10,24,5
11,24,8
13,22,8
14,22,8
14,21,8
15,22,8
15,21,8
13,23,8
13,24,8
12,23,8
11,25,8
11,26,9
10,26,9
10,25,5
12,25,8
13,25,8
14,24,8
15,24,8
15,23,8
16,22,8
17,22,8
17,21,8
18,21,8
16,21,8
12,24,8
14,23,8
15,25,8
16,24,8
17,23,8
16,23,8
15,26,8
15,27,8
15,28,9
14,28,9
13,29,9
13,30,9
14,29,9
16,27,9
16,25,8
15,29,9
14,26,8
14,27,9
14,25,8
13,27,9
13,28,9
12,28,9
13,26,9
12,26,9
11,28,9
10,28,9
10,29,9
9,30,9
10,27,9
11,27,9
12,27,9
11,30,9
10,30,9
10,31,9
9,32,11
9,33,11
12,29,9
11,29,9
12,30,9
12,31,9
13,31,9
11,33,9
10,33,10
9,34,11
9,35,10
8,34,11
8,33,11
8,32,11
8,31,11
9,31,11
11,32,9
11,31,9
10,32,9
12,12,7
13,13,7
14,12,7
15,13,7
16,13,7
17,14,7
18,13,7
19,14,7
20,13,7
21,14,7
22,14,7
21,15,7
20,14,7
19,15,7
18,14,7
16,14,7
15,14,7
14,14,7
14,13,7
13,14,6
12,13,6
11,13,6
11,14,6
15,15,7
17,15,7
4,12,4
7,14,4
8,17,6
7,19,6
7,20,5
6,20,5
9,16,6
8,18,6
8,19,6
9,20,6
9,19,6
9,18,6
9,17,6
9,21,5
8,20,5
10,19,6
11,18,6
11,17,6
12,16,6
11,16,6
10,17,6
10,16,6
10,15,6
10,18,6
10,20,6
10,21,5
9,22,5
8,21,5
7,21,5
6,21,5
9,23,5
10,22,5
11,19,6
11,20,6
11,21,6
12,18,6
12,17,6
12,15,6
12,19,6
12,20,6
13,20,6
13,19,6
13,18,6
13,17,6
13,16,6
14,16,6
14,17,6
14,18,6
14,19,6
15,18,6
16,17,6
16,16,7
16,18,6
16,19,8
15,19,6
15,17,6
6,25,5
5,26,5
4,25,5
6,26,5
5,27,5
6,27,5
17,18,8
17,17,7
17,19,8
18,18,8
18,17,7
18,16,7
19,18,8
20,18,8
20,17,7
21,18,32
21,17,7
19,17,7
20,16,7
19,19,8
20,19,8
21,19,32
22,17,32
22,16,7
22,18,32
22,19,32
22,20,32
22,21,27
22,22,27
22,23,27
21,24,27
21,25,27
21,26,27
20,26,8
20,25,8
20,24,8
20,23,8
20,22,8
21,22,27
21,21,32
20,21,8
21,20,32
20,20,8
21,23,27
19,24,8
19,23,8
19,25,8
18,24,8
18,25,8
18,26,8
18,27,27
18,28,27
18,29,27
19,27,27
19,26,8
17,29,27
17,30,27
19,30,27
20,30,27
21,30,27
22,30,27
23,31,27
24,30,27
24,31,27
25,31,27
26,31,27
27,31,27
28,31,27
29,32,28
29,33,28
30,32,28
31,33,28
32,32,28
31,32,28
31,31,28
32,30,28
32,29,28
32,28,27
32,27,27
32,26,27
32,25,27
32,31,28
30,31,28
30,30,27
30,29,27
31,29,27
31,28,27
31,27,27
31,26,27
31,25,27
31,24,27
30,26,27
30,28,27
31,30,28
29,31,27
28,30,27
28,29,27
29,29,27
29,28,27
30,27,27
30,25,27
30,24,27
29,25,27
29,27,27
29,30,27
27,30,27
26,29,27
25,30,27
24,29,27
23,30,27
22,29,27
21,29,27
20,28,27
20,29,27
19,29,27
19,28,27
20,27,27
22,28,27
25,28,27
26,28,27
26,30,27
25,29,27
24,28,27
23,28,27
21,28,27
21,27,27
22,26,27
22,25,27
23,24,27
24,23,27
22,27,27
23,27,27
23,26,27
24,24,27
23,29,27
23,25,27
22,24,27
25,25,27
26,25,27
26,26,27
25,27,27
24,27,27
24,26,27
26,24,27
27,24,27
27,23,27
24,25,27
25,24,27
25,26,27
26,23,27
27,28,27
27,29,27
27,27,27
27,26,27
27,25,27
27,22,27
28,22,27
26,27,27
29,23,27
30,22,27
31,21,32
30,21,32
29,22,27
28,23,27
28,24,27
28,25,27
28,26,27
28,27,27
28,28,27
29,26,27
31,23,27
31,22,27
32,21,32
33,21,32
35,20,31
37,19,31
34,21,32
33,22,32
32,22,27
30,23,27
29,24,27
37,20,31
38,19,31
42,18,31
43,18,31
45,17,31
46,16,31
41,19,31
39,20,31
37,21,31
35,22,31
33,23,27
32,24,27
33,25,27
34,24,27
35,23,31
37,22,31
39,21,31
40,20,31
41,20,31
42,19,31
43,19,31
44,18,31
41,21,31
38,22,31
36,23,31
35,25,27
33,26,27
34,25,27
36,24,27
38,23,31
40,22,31
42,21,31
43,21,31
44,20,31
44,21,31
41,23,31
39,24,31
38,24,31
37,25,27
37,24,31
37,23,31
36,22,31
36,21,31
36,20,31
36,19,31
36,18,31
36,17,31
35,17,31
35,18,31
34,20,32
35,21,31
34,22,32
34,23,27
33,24,27
32,23,27
35,24,27
39,22,31
40,21,31
38,21,31
38,20,31
39,23,31
41,22,31
42,22,31
43,22,31
45,22,31
45,21,31
46,20,31
46,19,31
46,18,31
46,17,31
45,18,31
45,19,31
44,19,31
45,20,31
42,20,31
43,20,31
46,21,31
47,16,31
47,17,31
45,16,31
43,16,31
44,16,31
44,17,31
43,17,31
42,16,31
42,15,31
41,15,31
40,15,31
39,15,31
38,15,31
37,15,31
39,16,31
41,16,31
42,17,31
41,17,31
40,16,31
39,17,31
38,16,31
37,17,31
36,16,31
36,15,31
40,17,31
38,17,31
38,18,31
37,18,31
39,18,31
41,18,31
40,18,31
39,19,31
40,19,31
37,16,31
34,15,32
32,15,32
30,15,32
29,16,32
28,15,32
27,16,32
26,15,32
25,16,32
24,15,32
31,16,32
33,16,32
33,17,32
32,16,32
31,17,32
30,16,32
28,17,32
26,17,32
25,17,32
24,17,32
23,18,32
23,17,32
23,16,32
24,16,32
27,17,32
29,17,32
30,17,32
32,17,32
34,16,32
35,16,31
34,17,32
34,18,31
33,19,32
33,20,32
32,19,32
34,19,31
35,19,31
32,20,32
32,18,32
33,18,32
31,19,32
30,19,32
30,20,32
29,20,32
29,21,32
28,20,32
26,21,32
25,21,32
25,22,27
24,21,27
24,22,27
26,22,27
25,23,27
23,23,27
23,22,27
23,21,32
23,20,32
23,19,32
24,18,32
25,18,32
26,16,32
28,16,32
27,18,32
25,19,32
25,20,32
24,20,32
24,19,32
26,18,32
26,19,32
26,20,32
27,20,32
27,19,32
28,18,32
29,18,32
30,18,32
31,18,32
29,19,32
28,19,32
27,21,32
28,21,32
31,20,32
48,16,31
48,15,31
49,15,31
49,16,31
69,46,14
69,45,14
68,44,14
70,45,14
70,44,14
70,43,14
71,44,14
71,43,14
72,42,14
73,42,14
74,41,14
75,41,14
75,42,14
76,41,14
76,40,14
76,39,14
76,38,14
76,37,14
76,36,12
76,35,12
77,36,12
77,35,12
75,37,14
75,38,14
74,39,14
74,40,14
75,40,14
75,39,14
75,36,12
76,34,12
76,33,12
76,32,12
76,31,12
76,30,12
74,33,12
74,34,12
74,36,12
73,37,14
73,38,14
73,40,14
73,41,14
72,41,14
71,42,14
70,42,14
69,44,14
67,44,14
66,44,14
65,44,14
64,43,14
64,41,14
65,40,14
66,38,14
67,38,14
65,41,14
65,42,14
64,42,14
65,43,14
66,43,14
67,45,14
67,42,14
67,40,14
68,39,14
69,37,14
71,35,12
72,34,12
72,33,12
70,35,12
68,37,14
66,39,14
67,39,14
68,38,14
69,38,14
70,36,14
75,33,12
77,32,12
75,34,12
73,36,12
72,37,14
70,39,14
69,41,14
68,41,14
66,42,14
66,41,14
66,40,14
67,41,14
68,40,14
69,40,14
70,38,14
71,38,14
74,35,12
70,40,14
72,38,14
74,37,14
73,39,14
69,42,14
68,43,14
68,42,14
71,40,14
72,39,14
70,41,14
67,43,14
69,43,14
71,41,14
72,40,14
71,39,14
69,39,14
71,37,14
72,35,12
73,34,12
75,31,12
74,32,12
73,33,12
71,36,12
70,37,14
72,36,14
73,35,12
75,35,12
74,38,14
79,37,15
1,37,15
0,37,15
79,38,15
78,38,15
77,38,15
77,37,15
78,36,15
78,37,15
79,36,15
0,36,15
1,36,15
2,37,15
3,38,15
4,38,15
4,37,15
5,38,15
5,37,15
4,36,15
4,35,11
5,36,11
3,37,15
2,36,15
2,35,11
2,34,11
3,34,11
3,33,11
3,32,11
2,31,11
2,30,11
2,29,11
2,33,11
3,35,11
3,36,15
4,34,11
4,33,11
4,32,11
4,31,11
4,30,11
4,29,11
3,29,11
3,30,11
3,31,11
5,32,11
5,33,11
6,32,11
6,31,11
6,30,11
5,30,11
5,31,11
6,29,11
7,29,11
7,28,11
7,27,5
8,27,9
6,28,11
5,28,5
4,28,5
4,27,5
3,27,5
3,26,5
2,25,5
0,24,5
79,24,3
79,25,3
0,25,5
1,26,5
2,26,5
3,28,5
5,29,11
4,26,5
3,25,5
2,24,5
1,25,5
1,24,5
1,23,3
2,22,3
2,23,5
0,23,3
0,22,3
1,22,3
0,21,3
79,21,3
78,20,3
77,21,3
77,20,3
76,20,3
76,19,3
77,19,3
78,21,3
79,22,3
79,23,3
78,23,3
78,22,3
77,22,3
76,21,3
74,21,2
73,21,2
73,20,2
74,19,2
75,19,3
74,20,2
75,21,3
75,20,3
75,22,3
72,20,2
71,20,2
70,19,2
72,19,2
69,20,2
68,19,2
67,19,2
66,19,2
65,19,2
64,18,1
63,19,1
62,18,1
61,19,1
59,19,1
58,18,1
57,19,1
56,18,1
58,19,1
60,19,1
60,20,1
61,21,1
62,20,1
62,21,1
63,22,1
62,22,1
59,20,1
62,19,1
61,20,1
63,20,1
64,19,1
65,20,2
66,20,2
67,20,2
67,21,2
68,20,2
69,21,2
70,20,2
72,21,2
74,22,2
76,22,3
77,23,3
77,24,3
78,24,3
2,27,5
2,28,11
1,28,11
1,27,5
0,27,12
0,26,5
79,27,12
78,25,3
77,26,12
76,25,12
75,25,12
74,24,12
74,23,2
73,24,2
73,23,2
72,22,2
71,22,2
70,21,2
71,21,2
73,22,2
75,23,3
76,23,3
76,24,3
77,25,3
79,26,5
75,24,3
71,23,2
69,22,2
68,22,2
67,22,2
66,21,2
65,21,2
64,21,2
64,20,1
63,21,1
68,21,2
70,22,2
72,23,2
78,26,12
79,28,12
0,28,12
0,29,11
1,30,11
1,31,11
2,32,11
1,29,11
1,32,11
1,33,11
1,34,11
1,35,15
0,35,15
0,34,15
0,33,11
0,32,11
0,31,11
0,30,11
79,33,12
79,34,12
79,35,12
79,31,12
79,30,12
79,29,12
79,32,12
78,34,12
78,35,12
78,33,12
78,32,12
78,31,12
78,30,12
78,29,12
78,28,12
78,27,12
77,28,12
77,29,12
77,30,12
77,31,12
77,33,12
77,34,12
75,32,12
74,31,12
73,31,12
71,30,12
69,29,12
67,28,12
66,27,13
65,27,13
64,26,13
63,26,13
63,25,2
62,24,1
62,23,1
63,23,1
64,22,2
65,23,2
65,22,2
64,23,2
63,24,1
64,24,2
64,25,2
65,26,2
67,26,2
68,26,2
69,28,12
70,28,12
68,28,12
67,27,12
66,26,2
66,25,2
66,24,2
65,24,2
66,22,2
66,23,2
65,25,2
67,24,2
68,23,2
69,23,2
69,24,2
70,25,2
70,26,2
71,27,2
72,27,12
73,28,12
69,26,2
68,25,2
68,24,2
67,25,2
67,23,2
69,25,2
70,23,2
70,24,2
71,25,2
72,25,2
73,25,2
74,25,12
75,26,12
76,26,12
77,27,12
75,27,12
71,24,2
72,24,2
74,28,12
75,29,12
74,27,12
73,27,2
72,26,2
71,26,2
73,26,2
75,28,12
76,28,12
76,27,12
76,29,12
74,29,12
73,30,12
73,29,12
72,28,12
71,28,12
70,27,12
69,27,2
68,27,12
74,26,12
75,30,12
74,30,12
72,31,12
71,32,12
70,33,12
69,33,12
70,32,12
71,33,12
72,32,12
73,32,12
69,35,12
68,35,14
67,37,14
66,37,14
65,38,14
65,39,14
64,39,14
63,40,14
63,41,14
62,40,14
62,39,14
61,40,14
61,39,14
61,36,13
61,37,13
61,38,13
63,33,13
63,36,13
63,37,13
63,38,14
63,39,14
64,40,14
62,37,13
62,36,13
62,33,13
62,32,13
63,31,13
63,35,13
62,38,14
62,35,13
62,31,13
62,30,13
62,29,13
61,29,13
61,28,13
61,27,13
62,25,13
62,26,13
62,27,13
62,28,13
61,30,13
61,31,13
61,32,13
63,27,13
63,28,13
63,29,13
63,30,13
64,31,13
64,32,13
64,33,13
64,34,13
63,34,13
63,32,13
64,35,13
64,36,13
64,37,14
64,38,14
65,35,13
65,33,13
65,32,13
65,31,13
66,29,12
66,28,12
65,28,13
65,29,13
65,30,13
65,34,13
65,36,13
65,37,14
66,33,13
66,32,13
66,31,12
66,30,12
67,29,12
67,30,12
67,31,12
67,32,12
67,33,12
67,34,12
67,35,13
67,36,14
66,36,14
66,35,13
66,34,13
68,30,12
69,30,12
68,29,12
68,31,12
68,32,12
68,33,12
68,34,12
68,36,14
69,36,14
69,34,12
70,34,12
71,34,12
71,31,12
71,29,12
70,29,12
70,30,12
70,31,12
69,32,12
69,31,12
72,29,12
72,30,12
64,30,13
64,29,13
64,28,13
64,27,13
25,14,32
26,13,32
27,14,32
27,13,33
27,12,33
28,12,33
29,12,33
30,12,33
31,12,33
30,13,33
31,13,33
32,13,32
33,14,32
31,14,32
29,14,32
28,13,33
29,13,33
27,11,33
28,10,33
29,10,33
29,9,33
30,10,33
30,11,33
31,11,33
29,11,33
28,11,33
30,9,33
28,8,33
28,7,33
27,8,33
27,7,33
27,6,33
27,5,33
28,4,33
28,3,33
29,3,33
30,2,33
31,2,33
32,2,33
31,9,33
31,8,33
32,7,33
33,7,33
34,6,34
35,6,34
36,4,34
36,3,34
37,3,34
37,2,34
36,2,34
35,3,34
34,3,34
33,4,33
33,5,33
32,5,33
31,7,33
30,7,33
29,8,33
29,7,33
29,5,33
29,4,33
28,6,33
28,5,33
30,5,33
30,4,33
30,3,33
31,4,33
32,3,33
31,3,33
31,5,33
29,6,33
31,6,33
32,4,33
30,6,33
30,8,33
32,6,33
33,6,33
34,5,34
34,4,34
35,4,34
35,5,34
35,7,34
35,8,34
36,7,34
36,6,34
40,5,34
40,6,34
39,6,34
38,6,34
38,7,34
39,7,34
40,7,34
41,7,34
40,8,34
39,8,34
39,9,34
41,8,34
42,7,34
42,8,34
41,9,34
42,6,34
42,5,34
41,6,34
41,5,34
42,4,34
43,5,34
43,6,34
37,7,34
18,30,27
17,31,27
18,31,27
21,31,27
32,33,28
32,34,28
24,33,26
23,33,26
22,33,26
21,33,26
21,32,26
20,31,26
19,31,26
19,32,26
19,33,10
18,32,10
17,33,10
16,32,10
16,31,10
15,32,10
14,32,10
13,33,10
13,34,10
12,34,10
12,35,10
11,36,10
12,36,10
13,37,10
14,37,10
15,37,10
15,38,10
16,38,10
16,39,10
16,40,10
17,40,10
18,40,10
19,41,19
19,42,19
18,41,19
17,41,10
20,41,19
20,42,19
20,43,19
21,44,19
22,43,19
23,44,19
24,43,19
24,44,19
22,44,19
25,44,19
26,44,19
27,44,19
20,45,19
28,44,19
29,44,19
30,43,19
30,42,19
31,41,26
31,35,26
30,34,26
28,33,26
27,34,26
26,33,26
25,33,26
24,32,26
23,32,26
22,31,26
22,32,26
25,32,26
26,32,26
27,32,26
27,33,26
28,32,26
28,34,26
29,35,26
30,33,26
29,34,26
31,34,26
30,35,26
30,36,26
30,37,26
31,38,26
31,39,26
31,40,26
30,40,26
30,41,26
30,39,26
31,36,26
31,37,26
30,38,26
29,40,26
29,41,26
29,42,19
29,43,19
28,40,26
28,39,26
28,37,26
29,36,26
29,37,26
29,38,26
29,39,26
28,41,19
27,40,26
27,39,26
27,38,26
27,36,26
27,37,26
28,42,19
27,43,19
26,42,19
25,42,19
24,41,19
24,40,19
24,39,19
25,37,26
26,36,26
26,39,26
26,40,26
26,41,19
26,43,19
28,43,19
27,41,26
27,42,19
25,43,19
23,43,19
22,42,19
21,43,19
21,42,19
21,40,19
21,39,19
21,38,19
21,37,26
21,36,26
22,35,26
22,34,26
22,36,26
22,37,26
22,38,19
23,40,19
23,41,19
23,42,19
24,42,19
22,41,19
22,40,19
22,39,19
23,39,19
23,38,26
23,37,26
23,36,26
23,35,26
24,35,26
25,38,26
25,39,26
25,40,26
25,41,19
24,38,26
24,36,26
24,34,26
23,34,26
25,34,26
26,34,26
26,35,26
25,36,26
25,35,26
24,37,26
26,38,26
26,37,26
28,38,26
28,36,26
28,35,26
27,35,26
21,34,26
20,32,26
17,32,10
15,33,10
14,33,10
14,34,10
14,35,10
13,36,10
13,35,10
14,36,10
15,35,10
16,34,10
16,35,10
16,36,10
16,33,10
15,34,10
16,37,10
15,36,10
17,37,10
18,38,10
18,39,10
19,40,10
20,40,19
19,39,10
17,39,10
17,38,10
18,36,10
18,35,10
18,34,10
19,34,10
19,35,10
20,35,10
20,36,10
20,38,19
20,39,19
19,38,10
21,41,19
19,37,10
19,36,10
18,37,10
20,37,10
21,35,26
20,34,10
20,33,10
18,33,10
17,34,10
17,35,10
17,36,10
34,35,28
33,36,28
35,35,28
36,35,28
36,36,28
35,36,28
34,34,28
34,33,28
34,32,28
34,31,28
35,33,28
35,34,28
36,34,28
37,36,28
34,36,21
35,37,28
37,37,28
37,35,28
36,33,28
35,32,28
34,30,28
38,35,28
43,24,30
42,24,30
41,25,30
40,25,30
39,26,30
38,26,30
37,27,30
36,27,30
35,28,28
34,28,28
34,29,28
35,30,28
35,31,28
36,31,28
36,32,28
37,33,28
37,34,28
38,34,28
39,35,28
39,36,28
39,37,28
40,36,28
40,37,28
41,37,28
42,37,30
43,38,30
44,38,30
45,39,21
46,38,29
47,39,29
48,38,29
49,39,29
50,38,29
51,38,29
52,38,29
53,37,29
53,36,29
54,35,29
54,36,29
52,37,29
53,38,29
54,38,29
55,38,29
55,37,29
56,36,29
56,35,29
56,34,29
56,33,29
56,32,13
56,31,13
56,30,13
56,29,13
55,28,30
54,27,30
53,27,30
52,27,30
51,27,30
50,26,30
49,26,30
48,25,30
47,25,30
46,25,30
45,25,30
44,24,30
48,26,30
53,28,30
54,28,30
55,29,13
55,30,13
54,31,29
54,32,29
55,33,29
55,34,29
55,35,29
55,36,29
54,37,29
54,34,29
54,33,29
55,32,29
55,31,29
54,30,29
54,29,29
53,29,29
52,28,30
51,28,30
50,27,30
49,27,30
47,27,30
47,26,30
46,26,30
45,26,30
44,25,30
43,25,30
42,25,30
41,26,30
40,26,30
39,27,30
38,27,30
37,28,30
36,28,28
35,29,28
37,30,30
38,29,30
38,30,30
39,32,30
40,32,30
40,33,30
39,34,28
38,33,28
41,33,30
38,32,30
37,31,28
38,31,30
37,32,28
36,30,28
36,29,28
37,29,30
38,28,30
39,28,30
40,28,30
41,28,30
41,27,30
42,26,30
43,27,30
43,26,30
40,27,30
40,29,30
40,30,30
39,31,30
39,29,30
39,30,30
39,33,30
42,34,30
43,35,30
44,35,30
44,36,30
44,37,30
43,37,30
42,36,30
40,35,28
40,34,30
41,36,30
42,35,30
41,35,30
41,34,30
43,36,30
45,37,29
46,37,29
45,38,29
45,35,29
45,33,30
45,32,30
45,31,30
45,30,30
45,29,30
46,27,30
45,27,30
44,26,30
44,28,30
44,29,30
44,30,30
44,31,30
44,33,30
44,34,30
42,32,30
42,30,30
44,27,30
43,28,30
42,29,30
41,31,30
41,32,30
40,31,30
41,29,30
42,28,30
42,27,30
41,30,30
43,29,30
43,30,30
43,31,30
43,33,30
43,34,30
42,33,30
43,32,30
42,31,30
44,32,30
45,34,30
46,35,29
46,36,29
47,38,29
47,37,29
47,35,29
47,34,29
47,33,29
47,30,30
47,29,30
47,28,30
46,28,30
45,28,30
46,29,30
46,30,30
46,31,29
46,32,29
46,33,29
46,34,29
45,36,29
47,36,29
48,35,29
48,34,29
48,33,29
48,31,29
47,31,29
47,32,29
48,36,29
49,37,29
50,36,29
51,36,29
48,37,29
49,38,29
50,37,29
51,37,29
52,36,29
52,35,29
53,35,29
53,34,29
53,32,29
52,31,29
52,30,29
52,29,29
53,31,29
52,33,29
52,32,29
53,33,29
51,32,29
50,32,29
49,33,29
48,32,29
50,33,29
50,34,29
50,35,29
49,35,29
49,36,29
49,34,29
51,34,29
51,35,29
52,34,29
51,33,29
49,31,29
49,30,29
48,29,30
48,28,30
48,27,30
48,30,29
50,31,29
50,30,29
50,29,30
50,28,30
49,28,30
49,29,30
51,29,30
51,30,29
51,31,29
53,30,29
49,32,29
55,39,29
56,39,29
57,40,29
58,40,29
59,41,29
59,40,29
59,39,29
57,39,29
56,38,29
56,37,29
57,38,29
58,38,29
58,39,29
59,38,13
58,37,29
57,37,29
58,35,13
59,37,13
57,35,29
57,36,29
58,36,13
59,36,13
59,35,13
58,34,13
57,34,29
57,33,13
58,33,13
60,34,13
60,33,13
59,34,13
59,33,13
58,32,13
57,32,13
57,31,13
57,30,13
57,29,13
58,28,13
59,28,13
59,27,13
58,29,13
58,30,13
58,31,13
59,32,13
59,31,13
59,30,13
59,29,13
78,48,25
77,49,25
76,49,25
75,49,25
75,50,25
74,50,25
73,51,25
72,50,25
71,51,25
70,51,25
69,51,25
69,52,25
68,52,25
67,53,25
66,52,25
65,52,25
64,51,25
64,50,25
64,49,25
64,48,25
63,48,23
63,47,23
62,47,23
62,46,23
62,45,23
63,45,23
64,45,23
64,46,23
64,47,23
65,50,25
63,52,25
62,52,24
61,52,25
61,51,25
61,50,23
62,48,23
63,49,25
63,50,25
63,51,25
62,51,25
62,50,25
62,49,25
65,51,25
66,51,25
67,51,25
68,50,25
69,50,25
68,51,25
67,52,25
65,49,25
65,48,25
65,47,23
65,46,23
63,46,23
66,50,25
66,49,25
66,48,25
66,47,25
66,46,25
67,49,25
67,50,25
67,48,25
67,47,25
69,47,25
69,48,25
69,49,25
68,49,25
68,48,25
68,47,25
68,46,25
70,50,25
71,50,25
72,49,25
73,50,25
74,49,25
76,48,25
77,48,25
76,47,25
75,48,25
74,48,25
73,49,25
72,48,25
73,48,25
73,47,25
74,47,25
71,48,25
70,48,25
70,49,25
70,47,25
71,47,25
72,47,25
71,49,25
61,49,23
61,48,23
61,47,23
60,48,23
60,49,23
60,51,25
60,52,24
59,52,24
59,53,24
72,51,25
73,52,25
74,51,25
75,51,25
76,51,25
77,50,25
77,51,25
76,50,25
71,52,25
70,52,25
69,53,25
68,53,25
67,54,25
66,53,25
66,54,25
65,55,24
64,55,24
63,56,24
63,57,24
62,57,24
61,57,24
61,58,24
60,57,24
61,56,24
64,54,24
65,53,25
64,53,24
63,55,24
62,55,24
62,56,24
63,54,24
64,52,25
65,54,24
60,56,24
59,57,24
59,56,24
59,54,24
59,55,24
60,55,24
61,55,24
62,53,24
63,53,24
62,54,24
61,54,24
61,53,24
60,53,24
60,54,24
58,57,24
57,58,24
56,57,24
55,58,24
56,58,24
59,58,24
60,58,24
57,57,24
57,56,24
57,55,24
58,55,24
58,56,24
58,54,24
58,53,24
3,48,15
4,48,15
5,48,15
5,49,15
6,49,17
6,50,17
6,51,17
6,52,17
7,52,17
8,52,17
10,52,17
11,53,17
12,52,17
12,53,17
13,54,17
14,54,17
14,55,17
14,56,17
15,57,17
15,58,18
16,58,18
16,59,18
17,59,18
18,58,18
19,58,18
20,57,18
21,58,18
21,57,18
23,57,18
24,56,18
25,57,18
26,56,18
27,56,18
27,55,18
28,55,18
28,54,18
28,53,18
28,52,18
28,51,18
28,50,18
28,49,18
29,49,19
30,47,19
30,46,19
31,47,19
31,46,19
4,47,15
4,46,15
5,46,15
5,45,15
5,44,15
6,43,15
6,44,15
6,45,15
5,47,15
6,46,15
7,45,17
7,44,17
8,43,17
8,44,17
8,45,17
8,46,17
8,48,17
7,50,17
7,51,17
6,48,15
6,47,15
7,47,17
7,46,17
7,49,17
8,50,17
8,51,17
9,52,17
9,53,17
10,51,17
10,50,17
10,49,17
9,49,17
8,47,17
7,48,17
10,47,17
11,48,17
11,47,17
9,48,17
9,47,17
10,48,17
9,50,17
8,49,17
9,51,17
17,50,17
18,51,17
18,52,17
18,53,17
17,55,17
16,55,17
13,52,17
12,50,17
11,51,17
11,49,17
12,47,17
12,46,17
13,48,17
14,48,17
15,49,17
16,49,17
16,48,17
16,47,17
17,47,17
17,46,17
19,46,19
20,46,19
21,46,19
22,46,19
23,46,19
23,47,19
24,46,19
25,47,19
25,46,19
26,46,19
27,46,19
28,46,19
29,47,19
30,48,19
28,48,19
27,49,19
27,48,19
28,47,19
29,48,19
27,47,19
26,47,19
25,49,19
22,49,19
20,50,17
20,51,17
19,53,17
19,54,18
19,52,17
19,50,17
19,49,17
18,47,17
18,46,17
18,48,17
18,49,17
17,49,17
17,48,17
19,51,17
18,50,17
17,51,17
16,50,17
15,51,17
13,50,17
12,49,17
12,48,17
13,49,17
14,49,17
15,50,17
11,50,17
11,52,17
13,51,17
14,50,17
12,51,17
14,51,17
15,53,17
15,54,17
14,53,17
13,53,17
14,52,17
16,51,17
17,52,17
17,53,17
16,53,17
16,52,17
15,52,17
15,55,17
15,56,17
16,56,17
16,57,18
17,58,18
18,57,18
20,56,18
22,56,18
23,56,18
22,57,18
24,55,18
25,55,18
26,54,18
27,54,18
27,53,18
27,52,18
27,51,18
27,50,18
26,50,18
26,51,18
26,52,18
26,55,18
25,54,18
26,53,18
23,54,18
23,55,18
21,55,18
20,55,18
19,56,18
19,57,18
18,56,18
21,56,18
22,55,18
24,54,18
25,56,18
17,56,17
17,57,18
19,55,18
18,54,17
16,54,17
17,54,17
18,55,18
20,54,18
20,53,18
20,52,17
21,50,17
20,49,17
20,48,17
20,47,17
19,47,17
19,48,17
21,47,19
21,48,19
21,49,17
22,48,19
22,47,19
23,48,19
24,47,19
25,48,19
26,48,19
26,49,18
24,48,19
24,49,19
23,50,19
23,51,19
23,52,18
22,52,18
22,53,18
22,54,18
21,54,18
21,53,18
21,52,17
21,51,17
22,50,19
22,51,19
23,49,19
24,50,19
24,51,18
24,52,18
24,53,18
23,53,18
25,52,18
25,51,18
25,50,19
25,53,18
38,36,28
38,37,28
38,38,28
37,38,28
36,37,28
7,12,4
6,11,4
7,11,4
10,9,7
11,9,7
11,10,7
12,11,7
12,10,7
12,9,7
6,14,4
5,13,4
6,13,4
4,13,4
5,14,4
13,10,7
14,10,7
15,10,7
15,11,7
13,12,7
13,11,7
14,11,7
17,12,7
17,13,7
16,12,7
15,12,7
16,11,7
54,57,24
53,57,24
52,56,24
51,56,24
50,55,24
48,54,24
45,52,20
44,51,20
42,50,20
39,49,20
37,48,20
35,48,20
35,47,20
34,47,20
33,47,20
32,46,20
32,45,20
33,46,20
36,47,20
38,48,20
38,49,20
40,49,20
41,50,20
43,51,20
46,52,20
47,53,20
48,53,24
49,55,24
39,50,20
39,51,20
40,51,20
40,52,20
40,50,20
41,52,20
42,51,20
43,52,20
44,52,20
41,51,20
39,48,20
36,46,20
35,46,20
33,45,20
32,44,19
31,45,19
31,44,19
32,43,19
32,42,20
33,42,20
33,41,20
33,40,21
33,39,21
33,38,21
33,37,21
34,37,21
35,38,21
36,38,21
37,39,21
38,39,21
39,40,21
39,39,21
39,38,28
40,38,21
41,39,21
42,38,21
41,38,21
43,39,21
46,39,21
45,40,21
44,39,21
47,40,21
48,39,21
49,40,21
50,39,21
51,39,21
52,39,21
53,40,21
53,39,21
54,39,21
55,40,23
56,40,23
57,41,23
58,41,23
59,42,23
60,42,14
60,41,14
61,42,14
62,42,14
62,43,14
62,44,23
61,45,23
61,46,23
60,46,23
60,47,23
59,48,23
58,48,23
59,49,23
59,50,23
60,50,23
59,51,23
58,51,23
58,52,24
57,53,24
57,54,24
56,54,24
56,55,24
56,56,24
55,57,24
54,56,24
53,56,24
52,55,24
51,55,24
50,54,24
49,54,24
50,53,24
52,54,24
53,55,24
54,55,24
55,56,24
55,55,24
55,54,24
55,53,24
55,52,23
56,50,23
56,48,23
57,47,23
57,51,23
56,52,23
56,53,24
56,51,23
57,52,23
54,50,23
51,50,22
49,49,22
48,48,22
47,48,22
45,47,22
51,48,22
51,51,22
51,52,24
51,54,24
52,52,24
52,49,23
53,48,23
53,47,23
52,48,23
52,50,23
52,51,24
53,53,24
53,54,24
53,51,23
53,49,23
53,46,23
53,45,23
54,47,23
54,49,23
54,51,23
54,52,24
54,53,24
54,46,23
55,44,23
55,43,23
54,48,23
54,54,24
53,52,24
52,53,24
51,53,24
50,52,24
48,51,20
48,50,20
47,51,20
46,50,20
46,49,20
45,50,20
45,49,20
44,48,20
41,47,20
39,46,20
39,47,20
40,47,20
40,48,20
41,49,20
42,49,20
43,50,20
44,50,20
45,51,20
46,51,20
47,52,20
48,52,20
49,53,24
49,52,20
49,51,22
50,50,22
50,49,22
51,49,22
51,47,22
51,46,22
50,48,22
50,51,22
49,50,22
48,49,22
47,49,22
46,48,22
45,48,22
44,47,22
44,49,20
43,49,20
42,48,20
41,48,20
42,47,20
43,48,20
42,46,22
47,50,20
46,46,22
46,47,22
47,47,22
49,47,22
49,48,22
48,47,22
48,46,22
49,45,22
50,43,22
49,42,22
49,41,21
49,44,22
49,46,22
50,46,22
50,47,22
50,45,22
50,44,22
51,44,22
51,43,22
51,42,22
50,42,22
49,43,22
48,42,22
48,43,22
48,44,22
48,45,22
47,46,22
46,45,22
45,46,22
44,46,22
43,47,22
43,46,22
43,45,22
44,44,22
44,43,22
44,41,22
44,40,21
44,42,22
44,45,22
45,41,21
45,42,22
45,43,22
45,44,22
45,45,22
46,44,22
46,43,22
46,40,21
47,41,21
46,41,21
46,42,22
47,42,22
47,43,22
47,44,22
47,45,22
48,41,21
48,40,21
51,41,21
52,40,21
51,40,21
50,40,21
50,41,21
52,41,23
53,42,23
52,42,23
52,43,23
52,44,23
52,45,23
52,46,23
52,47,23
51,45,22
53,50,23
55,51,23
55,50,23
55,49,23
55,48,23
55,46,23
55,45,23
55,47,23
56,47,23
56,49,23
57,50,23
58,50,23
58,49,23
57,49,23
57,48,23
58,47,23
59,47,23
59,46,23
60,45,23
60,44,23
61,44,23
61,43,14
59,45,23
58,45,23
57,46,23
58,46,23
56,46,23
56,45,23
56,44,23
56,43,23
56,42,23
56,41,23
57,42,23
57,43,23
57,44,23
57,45,23
58,44,23
59,44,23
60,43,23
59,43,23
58,42,23
58,43,23
54,44,23
54,45,23
53,44,23
53,43,23
54,42,23
54,43,23
55,42,23
55,41,23
54,40,23
53,41,23
54,41,23
43,40,21
42,39,21
40,39,21
40,40,21
41,41,21
42,40,21
43,41,21
42,41,22
41,40,21
43,42,22
43,43,22
43,44,22
42,44,22
42,45,22
41,46,22
40,46,20
40,45,22
40,44,22
41,43,22
42,42,22
42,43,22
41,44,22
41,45,22
38,46,20
38,47,20
37,47,20
37,46,20
36,44,20
36,43,20
35,43,20
34,43,20
34,44,20
34,45,20
34,46,20
33,44,20
33,43,20
34,41,20
35,42,20
35,41,21
35,40,21
35,39,21
34,38,21
34,39,21
34,40,21
34,42,20
35,44,20
35,45,20
36,45,20
37,45,20
38,44,20
37,44,21
37,43,21
36,42,21
36,41,21
36,40,21
36,39,21
37,40,21
37,41,21
37,42,21
38,42,21
38,43,21
38,45,20
39,45,22
39,44,22
39,43,22
39,42,21
38,41,21
38,40,21
39,41,21
40,41,21
41,42,22
40,42,22
40,43,22
