6,12,248,NED
4,14,21,NED
3,14,20,BEL
2,14,224,BEL
3,15,123,BEL
4,15,125,BEL
5,15,248,NED
6,15,248,NED
5,16,123,NED
1,15,248,FLL
0,15,248,FLL
0,16,498,FLL
1,16,498,FLL
2,15,498,BEL
79,16,250,FLL
79,17,248,FLL
0,17,247,FLL
1,17,1000,FLL
2,16,498,FLL
3,16,248,FLL
2,17,247,FLL
3,17,248,FLL
4,17,123,FLL
4,16,250,FLL
5,17,125,NED
5,18,61,FLL
4,18,29,FLL
3,18,249,FLL
2,18,500,BEL
1,18,498,FLL
78,17,123,FLL
77,18,61,FLL
76,17,29,FLL
76,18,14,FLL
75,18,6,FLL
74,18,7,FLL
73,18,1,FLL
73,19,112,FRA
72,18,250,FRA
71,19,248,FRA
70,18,500,FRA
69,19,498,FRA
68,18,248,FRA
67,18,123,FRA
66,18,61,FRA
66,17,29,FRA
65,18,14,FRA
64,17,6,FRA
63,18,7,FRA
62,17,1,FRA
61,18,1,FRA
60,18,1,FRA
59,18,1,FRA
58,17,1,FRA
57,18,1,FRA
57,17,1,FRA
56,17,1,FRA
55,17,1,FRA
55,18,1,FRA
55,19,1,FRA
56,19,1,FRA
56,20,1,FRA
57,20,1,FRA
58,20,1,FRA
58,21,1,FRA
59,21,1,FRA
59,22,1,FRA
60,21,1,FRA
61,22,1,FRA
61,23,1,FRA
61,24,1,FRA
61,25,1,FRA
61,26,1,FRA
60,25,1,FRA
60,26,1,FRA
60,27,1,FRA
60,28,1,FRA
60,29,1,FRA
60,30,1,FRA
60,31,1,FRA
60,32,1,FRA
61,33,1,FRA
61,34,1,FRA
62,34,1,FRA
61,35,1,FRA
60,35,1,FRA
60,36,1,FRA
60,37,1,FRA
60,38,1,FRA
60,39,1,FRA
60,40,1,FRA
61,41,1,FRA
62,41,1,FRA
63,42,1,FRA
63,43,1,FRA
63,44,1,FRA
64,44,1,FRA
65,45,1,FRA
66,45,1,FRA
67,46,1,FRA
68,45,1,FRA
70,46,1,CAT
71,46,1,CAT
72,46,1,CAT
73,46,1,CAT
74,46,1,CAT
75,47,1,CAT
76,46,1,CAT
77,47,1,PRO
78,46,6,PRO
78,47,1,PRO
79,47,5,PRO
78,45,9,PRO
78,44,20,PRO
79,44,224,PRO
0,42,1000,PRO
1,42,247,PRO
2,41,248,PRO
3,41,60,PRO
4,40,29,PRO
5,40,29,PRO
6,39,5,PRO
2,19,498,BEL
3,20,498,BEL
4,20,122,BEL
4,21,60,BEL
4,22,61,BEL
5,23,29,BEL
6,22,5,BEL
6,23,6,BEL
7,24,7,BEL
7,25,1,BEL
7,26,1,BEL
8,26,1,BEL
9,27,1,BEL
9,28,1,BEL
9,29,1,BEL
8,29,1,BEL
8,30,1,BEL
7,31,1,BEL
7,32,1,BEL
7,33,1,BEL
7,34,1,BEL
7,35,1,BEL
7,36,1,BEL
7,37,1,BEL
6,37,1,BEL
6,38,6,PRO
7,40,7,PRO
8,40,1,PRO
9,41,1,PRO
10,40,1,PRO
11,41,122,SWI
11,42,498,SWI
12,41,247,SWI
12,42,1000,SWI
13,43,247,SWI
14,43,248,SWI
15,44,60,SWI
16,44,29,SWI
17,45,13,SWI
18,44,5,SWI
18,45,6,SWI
19,45,7,SWI
20,44,1,SWI
21,45,1,SWI
22,45,1,SWI
23,45,1,SWI
24,45,1,SWI
25,45,1,SWI
26,45,1,SWI
27,45,1,SWI
28,45,1,SWI
29,45,1,SWI
29,46,1,SWI
30,45,1,SWI
30,44,1,SWI
31,43,1,CRO
31,42,1,CRO
32,41,1,CRO
32,40,1,CRO
32,39,1,CRO
32,38,1,CRO
32,37,1,CRO
32,36,1,CRO
32,35,1,CRO
33,35,1,CRO
33,34,1,CRO
33,33,1,CRO
33,32,1,CRO
33,31,1,CRO
33,30,1,CRO
33,29,1,CRO
33,28,1,CRO
33,27,1,CRO
34,27,1,CRO
34,26,1,CRO
35,27,1,CRO
35,26,1,CRO
36,26,1,CRO
36,25,1,GER
37,26,1,CRO
38,25,1,GER
39,25,1,GER
7,15,247,NED
8,14,247,NED
9,14,122,NED
10,14,28,NED
12,14,6,NED
13,15,1,NED
14,15,1,GER
15,16,1,GER
16,15,1,GER
17,16,1,GER
18,15,1,GER
19,16,1,GER
20,15,1,GER
21,16,1,GER
22,15,1,GER
23,15,1,GER
24,14,1,GER
25,15,1,GER
26,14,1,GER
27,15,1,GER
28,14,1,GER
29,15,1,GER
30,14,1,GER
31,15,1,GER
32,14,1,GER
33,15,1,GER
34,14,1,GER
35,15,6,GER
36,14,6,GER
37,14,1,GER
38,14,1,GER
39,14,1,GER
40,14,1,GER
41,14,1,GER
42,14,1,GER
43,14,1,GER
43,15,1,GER
44,15,1,GER
45,15,1,GER
46,15,1,GER
46,14,1,GER
47,15,1,GER
48,14,1,GER
49,14,1,GER
50,15,1,GER
50,16,1,GER
49,17,1,GER
48,17,1,GER
47,18,1,GER
47,19,1,GER
47,20,1,GER
47,21,1,GER
47,22,1,GER
46,22,1,GER
45,23,1,GER
44,22,1,GER
44,23,1,GER
40,24,1,GER
50,14,1,GER
43,23,1,GER
42,23,1,GER
41,24,1,GER
40,23,3,GER
11,15,13,NED
5,12,123,NED
1,14,250,FLL
5,19,31,FLL
6,16,123,NED
6,17,29,NED
7,13,247,NED
8,13,1000,NED
7,17,29,NED
7,16,249,NED
8,15,123,NED
7,18,31,NED
6,18,30,NED
5,20,28,BEL
6,19,29,BEL
8,16,60,NED
9,15,60,NED
10,13,29,NED
11,12,3,NED
4,19,248,BEL
3,21,498,BEL
3,19,250,BEL
2,20,1000,BEL
1,20,498,BEL
1,19,248,FLL
5,21,29,BEL
0,19,248,BEL
0,18,250,FLL
79,18,123,FLL
78,18,60,FLL
79,19,123,BEL
1,21,247,BEL
2,21,247,BEL
3,22,248,BEL
0,20,248,BEL
79,20,123,BEL
78,19,29,BEL
5,22,30,BEL
3,23,123,BEL
3,24,29,BEL
4,23,29,BEL
4,24,5,BEL
5,24,6,BEL
7,23,7,BEL
6,24,7,BEL
5,25,7,BEL
7,22,1,BEL
8,22,1,BEL
8,23,1,BEL
8,24,1,BEL
73,45,1,CAT
73,44,1,CAT
74,43,1,PRO
75,43,6,PRO
76,42,5,PRO
77,43,20,PRO
78,42,224,PRO
74,44,1,PRO
74,45,1,PRO
75,45,1,PRO
75,44,4,PRO
76,44,6,PRO
76,45,1,PRO
75,46,1,PRO
77,46,1,PRO
77,45,5,PRO
79,45,110,PRO
79,43,498,PRO
0,43,498,PRO
78,43,123,PRO
77,44,46,PRO
76,43,41,PRO
79,48,1,PRO
79,46,46,PRO
0,45,13,PRO
0,46,14,PRO
0,47,6,PRO
2,47,1,PRO
2,46,1,PRO
2,45,6,PRO
1,45,5,PRO
0,44,500,PRO
1,46,7,PRO
1,47,7,PRO
1,43,247,PRO
1,44,248,PRO
2,43,60,PRO
2,44,53,PRO
3,47,1,PRO
3,46,2,PRO
3,45,25,PRO
3,44,29,PRO
3,43,30,PRO
2,42,123,PRO
0,41,498,PRO
79,42,247,PRO
78,41,60,PRO
77,42,28,PRO
77,41,29,PRO
78,40,29,PRO
79,41,122,PRO
0,40,60,PRO
72,45,1,CAT
71,45,1,PRO
72,44,1,CAT
72,43,10,PRO
73,43,7,PRO
74,42,1,PRO
77,40,14,PRO
1,41,123,PRO
1,40,61,PRO
2,40,60,PRO
2,39,13,PRO
1,39,14,PRO
1,38,6,PRO
0,39,29,PRO
0,38,5,PRO
78,39,13,PRO
77,39,6,PRO
79,39,6,PRO
79,40,124,PRO
2,38,5,PRO
3,39,7,PRO
3,40,29,PRO
4,39,14,PRO
4,41,29,PRO
3,42,60,PRO
4,42,29,PRO
4,43,14,PRO
4,44,5,PRO
4,45,6,PRO
6,42,1,PRO
5,43,6,PRO
5,42,13,PRO
5,41,13,PRO
6,40,6,PRO
5,39,6,PRO
7,38,7,PRO
8,36,1,SWI
9,37,1,SWI
9,36,1,GER
10,36,1,SWI
11,37,1,SWI
12,37,1,SWI
13,38,1,SWI
14,38,6,SWI
15,39,5,SWI
15,40,6,SWI
15,41,9,SWI
16,41,6,SWI
16,42,6,SWI
16,43,13,SWI
15,45,5,SWI
16,45,6,SWI
16,46,7,SWI
15,47,1,SWI
15,48,1,SWI
14,47,1,SWI
13,47,1,SWI
13,46,1,SWI
13,45,1,SWI
12,45,1,SWI
12,44,248,SWI
11,45,123,SWI
11,46,13,SWI
10,45,13,SWI
10,46,5,SWI
9,46,6,SWI
9,45,5,SWI
9,44,7,SWI
9,43,1,SWI
8,42,1,SWI
7,43,1,SWI
7,42,1,SWI
8,41,1,SWI
7,41,7,PRO
6,41,12,PRO
7,39,1,PRO
8,39,1,PRO
9,38,1,SWI
9,39,1,PRO
8,38,1,PRO
8,37,1,PRO
9,40,1,PRO
9,42,1,SWI
10,42,500,SWI
10,41,250,SWI
10,39,1,PRO
10,38,1,PRO
10,43,248,SWI
10,44,250,SWI
11,40,28,SWI
11,39,13,SWI
11,38,11,SWI
10,37,9,SWI
12,38,11,SWI
12,39,13,SWI
12,40,123,SWI
12,43,498,SWI
11,44,249,SWI
11,43,247,SWI
13,39,12,SWI
13,40,124,SWI
13,41,248,SWI
13,42,247,SWI
13,44,123,SWI
14,46,1,SWI
14,45,6,SWI
14,44,124,SWI
14,42,123,SWI
14,41,110,SWI
14,40,53,SWI
14,39,47,SWI
15,43,52,SWI
15,42,54,SWI
15,46,1,SWI
17,44,13,SWI
18,43,6,SWI
17,43,5,SWI
17,42,7,SWI
18,42,7,SWI
19,43,1,SWI
19,44,7,SWI
8,28,1,BEL
7,30,1,BEL
8,35,1,GER
6,36,1,BEL
6,35,1,BEL
6,34,1,BEL
6,33,1,BEL
5,34,1,BEL
5,35,1,BEL
10,35,1,SWI
10,34,1,GER
11,35,1,SWI
11,34,1,GER
12,33,1,GER
12,32,2,GER
13,32,6,GER
14,31,5,GER
14,30,17,GER
15,31,2,GER
15,30,16,GER
16,30,2,GER
16,29,15,GER
16,28,17,GER
17,28,12,GER
17,27,13,GER
16,26,37,GER
17,26,4,GER
17,25,1,GER
17,24,9,GER
18,23,6,GER
18,22,9,GER
19,22,8,GER
19,21,3,GER
19,20,5,GER
18,19,2,GER
18,20,9,GER
17,20,9,GER
16,20,109,GER
15,20,248,GER
14,20,247,GER
13,21,247,GER
12,21,122,GER
12,22,248,GER
11,22,60,GER
11,23,60,GER
10,23,29,GER
9,24,29,GER
9,25,14,GER
8,25,6,GER
9,26,7,GER
10,24,13,GER
11,24,29,GER
13,22,498,GER
14,22,247,GER
14,21,1000,GER
15,22,247,GER
15,21,498,GER
13,23,248,GER
13,24,60,GER
12,23,61,GER
11,25,5,GER
11,26,6,GER
10,26,7,GER
10,25,15,GER
12,25,6,GER
13,25,29,GER
14,24,13,GER
15,24,6,GER
15,23,122,GER
16,22,123,GER
17,22,61,GER
17,21,110,GER
18,21,88,GER
16,21,249,GER
12,24,62,GER
14,23,249,GER
15,25,7,GER
16,24,1,GER
17,23,54,GER
16,23,111,GER
15,26,39,GER
15,27,410,GER
15,28,248,GER
14,28,247,GER
13,29,498,GER
13,30,59,GER
14,29,225,GER
16,27,183,GER
16,25,1,GER
15,29,203,GER
14,26,248,GER
14,27,498,GER
14,25,250,GER
13,27,247,GER
13,28,1000,GER
12,28,247,GER
13,26,249,GER
12,26,248,GER
11,28,122,GER
10,28,123,GER
10,29,29,GER
9,30,13,GER
10,27,124,GER
11,27,250,GER
12,27,498,GER
11,30,30,GER
10,30,14,GER
10,31,6,GER
9,32,7,GER
9,33,1,GER
12,29,123,GER
11,29,124,GER
12,30,28,GER
12,31,25,GER
13,31,46,GER
11,33,1,GER
10,33,1,GER
9,34,1,GER
9,35,1,GER
8,34,1,GER
8,33,1,GER
8,32,1,GER
8,31,1,GER
9,31,14,GER
11,32,14,GER
11,31,30,GER
10,32,12,GER
12,12,2,NED
13,13,1,NED
14,12,1,NED
15,13,1,NED
16,13,1,NED
17,14,1,NED
18,13,1,NED
19,14,1,NED
20,13,1,NED
21,14,1,NED
22,14,1,NED
21,15,1,NED
20,14,1,NED
19,15,1,NED
18,14,1,NED
16,14,1,GER
15,14,1,GER
14,14,1,GER
14,13,1,GER
13,14,1,NED
12,13,5,NED
11,13,21,NED
11,14,47,NED
15,15,1,GER
17,15,1,NED
4,12,125,NED
7,14,1000,NED
8,17,13,NED
7,19,14,BEL
7,20,6,BEL
6,20,13,BEL
9,16,29,NED
8,18,5,NED
8,19,6,NED
9,20,7,NED
9,19,7,NED
9,18,14,NED
9,17,14,NED
9,21,1,NED
8,20,7,BEL
10,19,1,NED
11,18,1,NED
11,17,1,NED
12,16,1,GER
11,16,13,NED
10,17,6,NED
10,16,12,NED
10,15,30,NED
10,18,7,NED
10,20,1,NED
10,21,61,GER
9,22,13,GER
8,21,14,GER
7,21,15,GER
6,21,15,BEL
9,23,14,GER
10,22,61,GER
11,19,1,NED
11,20,1,NED
11,21,124,GER
12,18,2,GER
12,17,1,GER
12,15,11,NED
12,19,1,NED
12,20,249,GER
13,20,123,GER
13,19,24,GER
13,18,10,GER
13,17,11,GER
13,16,6,GER
14,16,7,GER
14,17,5,GER
14,18,13,GER
14,19,123,GER
15,18,6,GER
16,17,7,GER
16,16,1,GER
16,18,1,GER
16,19,60,GER
15,19,125,GER
15,17,7,GER
6,25,1,BEL
5,26,1,BEL
4,25,1,BEL
6,26,1,BEL
5,27,1,BEL
6,27,1,BEL
17,18,1,GER
17,17,1,GER
17,19,25,GER
18,18,5,GER
18,17,6,GER
18,16,7,GER
19,18,7,GER
20,18,1,GER
20,17,1,GER
21,18,1,GER
21,17,1,GER
19,17,1,GER
20,16,1,GER
19,19,1,GER
20,19,1,GER
21,19,1,GER
22,17,1,GER
22,16,1,GER
22,18,1,GER
22,19,1,GER
22,20,1,GER
22,21,1,GER
22,22,1,GER
22,23,1,GER
21,24,1,GER
21,25,1,GER
21,26,1,GER
20,26,1,GER
20,25,1,GER
20,24,1,GER
20,23,1,GER
20,22,1,GER
21,22,1,GER
21,21,1,GER
20,21,1,GER
21,20,1,GER
20,20,1,GER
21,23,1,GER
19,24,1,GER
19,23,1,GER
19,25,1,GER
18,24,1,GER
18,25,1,GER
18,26,1,GER
18,27,1,GER
18,28,1,GER
18,29,1,GER
19,27,1,GER
19,26,1,GER
17,29,2,GER
17,30,1,GER
19,30,1,GER
20,30,1,GER
21,30,1,GER
22,30,1,GER
23,31,1,GER
24,30,1,GER
24,31,1,GER
25,31,1,GER
26,31,1,GER
27,31,1,GER
28,31,1,GER
29,32,1,GER
29,33,1,GER
30,32,1,GER
31,33,1,GER
32,32,1,GER
31,32,1,GER
31,31,1,GER
32,30,1,GER
32,29,1,GER
32,28,1,GER
32,27,1,GER
32,26,1,GER
32,25,1,GER
32,31,1,GER
30,31,1,GER
30,30,1,GER
30,29,1,GER
31,29,1,GER
31,28,1,GER
31,27,1,GER
31,26,1,GER
31,25,1,GER
31,24,1,GER
30,26,1,GER
30,28,1,GER
31,30,1,GER
29,31,1,GER
28,30,1,GER
28,29,1,GER
29,29,1,GER
29,28,1,GER
30,27,1,GER
30,25,1,GER
30,24,6,GER
29,25,5,GER
29,27,1,GER
29,30,1,GER
27,30,1,GER
26,29,1,GER
25,30,1,GER
24,29,1,GER
23,30,1,GER
22,29,1,GER
21,29,1,GER
20,28,1,GER
20,29,1,GER
19,29,1,GER
19,28,1,GER
20,27,1,GER
22,28,1,GER
25,28,1,GER
26,28,1,GER
26,30,1,GER
25,29,1,GER
24,28,1,GER
23,28,1,GER
21,28,1,GER
21,27,1,GER
22,26,1,GER
22,25,9,GER
23,24,248,GER
24,23,498,GER
22,27,1,GER
23,27,1,GER
23,26,9,GER
24,24,122,GER
23,29,1,GER
23,25,110,GER
22,24,112,GER
25,25,123,GER
26,25,29,GER
26,26,13,GER
25,27,11,GER
24,27,6,GER
24,26,7,GER
26,24,248,GER
27,24,123,GER
27,23,122,GER
24,25,60,GER
25,24,498,GER
25,26,62,GER
26,23,498,GER
27,28,1,GER
27,29,1,GER
27,27,5,GER
27,26,30,GER
27,25,61,GER
27,22,60,GER
28,22,29,GER
26,27,7,GER
29,23,13,GER
30,22,5,GER
31,21,1,GER
30,21,6,GER
29,22,13,GER
28,23,60,GER
28,24,29,GER
28,25,5,GER
28,26,6,GER
28,27,7,GER
28,28,1,GER
29,26,7,GER
31,23,7,GER
31,22,7,GER
32,21,1,GER
33,21,1,GER
35,20,9,GER
37,19,247,GER
34,21,1,GER
33,22,1,GER
32,22,1,GER
30,23,11,GER
29,24,47,GER
37,20,122,GER
38,19,498,GER
42,18,16,GER
43,18,2,GER
45,17,1,GER
46,16,1,GER
41,19,248,GER
39,20,498,GER
37,21,60,GER
35,22,6,GER
33,23,1,GER
32,24,1,GER
33,25,1,GER
34,24,1,GER
35,23,1,GER
37,22,29,GER
39,21,59,GER
40,20,123,GER
41,20,60,GER
42,19,61,GER
43,19,13,GER
44,18,5,GER
41,21,61,GER
38,22,29,GER
36,23,1,GER
35,25,1,GER
33,26,1,GER
34,25,1,GER
36,24,1,GER
38,23,5,GER
40,22,2,GER
42,21,13,GER
43,21,14,GER
44,20,6,GER
44,21,7,GER
41,23,1,GER
39,24,6,GER
38,24,7,GER
37,25,1,GER
37,24,7,GER
37,23,10,GER
36,22,12,GER
36,21,61,GER
36,20,60,GER
36,19,123,GER
36,18,122,GER
36,17,123,GER
35,17,61,GER
35,18,60,GER
34,20,5,GER
35,21,47,GER
34,22,1,GER
34,23,1,GER
33,24,1,GER
32,23,1,GER
35,24,1,GER
39,22,28,GER
40,21,25,GER
38,21,61,GER
38,20,500,GER
39,23,25,GER
41,22,11,GER
42,22,9,GER
43,22,11,GER
45,22,1,GER
45,21,1,GER
46,20,1,GER
46,19,1,GER
46,18,1,GER
46,17,1,GER
45,18,6,GER
45,19,7,GER
44,19,5,GER
45,20,7,GER
42,20,29,GER
43,20,30,GER
46,21,1,GER
47,16,1,GER
47,17,1,GER
45,16,1,GER
43,16,1,GER
44,16,1,GER
44,17,7,GER
43,17,1,GER
42,16,1,GER
42,15,1,GER
41,15,1,GER
40,15,1,GER
39,15,1,GER
38,15,1,GER
37,15,1,GER
39,16,500,GER
41,16,21,GER
42,17,20,GER
41,17,224,GER
40,16,225,GER
39,17,498,GER
38,16,247,GER
37,17,248,GER
36,16,123,GER
36,15,53,GER
40,17,498,GER
38,17,998,GER
38,18,2000,GER
37,18,498,GER
39,18,2000,GER
41,18,225,GER
40,18,247,GER
39,19,497,GER
40,19,499,GER
37,16,249,GER
34,15,6,GER
32,15,1,GER
30,15,1,GER
29,16,1,GER
28,15,1,GER
27,16,1,GER
26,15,1,GER
25,16,1,GER
24,15,1,GER
31,16,1,GER
33,16,5,GER
33,17,4,GER
32,16,1,GER
31,17,1,GER
30,16,1,GER
28,17,1,GER
26,17,1,GER
25,17,1,GER
24,17,1,GER
23,18,1,GER
23,17,1,GER
23,16,1,GER
24,16,1,GER
27,17,1,GER
29,17,1,GER
30,17,1,GER
32,17,1,GER
34,16,41,GER
35,16,54,GER
34,17,13,GER
34,18,5,GER
33,19,6,GER
33,20,7,GER
32,19,1,GER
34,19,7,GER
35,19,111,GER
32,20,1,GER
32,18,1,GER
33,18,11,GER
31,19,1,GER
30,19,1,GER
30,20,1,GER
29,20,1,GER
29,21,6,GER
28,20,7,GER
26,21,122,GER
25,21,123,GER
25,22,498,GER
24,21,122,GER
24,22,247,GER
26,22,498,GER
25,23,1000,GER
23,23,249,GER
23,22,123,GER
23,21,61,GER
23,20,29,GER
23,19,11,GER
24,18,6,GER
25,18,7,GER
26,16,1,GER
28,16,1,GER
27,18,1,GER
25,19,1,GER
25,20,29,GER
24,20,124,GER
24,19,62,GER
26,18,1,GER
26,19,30,GER
26,20,60,GER
27,20,13,GER
27,19,11,GER
28,18,6,GER
29,18,7,GER
30,18,1,GER
31,18,1,GER
29,19,1,GER
28,19,14,GER
27,21,29,GER
28,21,30,GER
31,20,1,GER
48,16,1,GER
48,15,1,GER
49,15,1,GER
49,16,1,GER
69,46,1,FRA
69,45,1,FRA
68,44,1,FRA
70,45,1,PRO
70,44,8,PRO
70,43,7,PRO
71,44,2,PRO
71,43,8,PRO
72,42,6,PRO
73,42,1,PRO
74,41,1,PRO
75,41,1,PRO
75,42,5,PRO
76,41,3,PRO
76,40,6,PRO
76,39,7,PRO
76,38,1,PRO
76,37,1,PRO
76,36,1,PRO
76,35,1,PRO
77,36,1,PRO
77,35,1,PRO
75,37,1,PRO
75,38,1,PRO
74,39,1,PRO
74,40,1,PRO
75,40,7,PRO
75,39,1,PRO
75,36,1,PRO
76,34,1,PRO
76,33,1,PRO
76,32,1,PRO
76,31,1,PRO
76,30,248,FRA
74,33,1,FRA
74,34,1,FRA
74,36,1,PRO
73,37,1,PRO
73,38,2,PRO
73,40,9,PRO
73,41,8,PRO
72,41,16,PRO
71,42,182,PRO
70,42,248,PRO
69,44,1,FRA
67,44,9,PRO
66,44,1,PRO
65,44,1,PRO
64,43,1,PRO
64,41,1,PRO
65,40,9,PRO
66,38,9,PRO
67,38,8,PRO
65,41,9,PRO
65,42,9,PRO
64,42,1,PRO
65,43,8,PRO
66,43,8,PRO
67,45,1,FRA
67,42,248,PRO
67,40,248,PRO
68,39,248,PRO
69,37,6,PRO
71,35,1,PRO
72,34,1,PRO
72,33,1,FRA
70,35,1,PRO
68,37,6,PRO
66,39,60,PRO
67,39,98,PRO
68,38,53,PRO
69,38,54,PRO
70,36,6,PRO
75,33,9,FRA
77,32,1,PRO
75,34,1,PRO
73,36,1,PRO
72,37,2,PRO
70,39,122,PRO
69,41,1000,PRO
68,41,247,PRO
66,42,98,PRO
66,41,112,PRO
66,40,112,PRO
67,41,249,PRO
68,40,247,PRO
69,40,247,PRO
70,38,60,PRO
71,38,25,PRO
74,35,1,FRA
70,40,247,PRO
72,38,25,PRO
74,37,1,PRO
73,39,11,PRO
69,42,498,PRO
68,43,1,FRA
68,42,123,PRO
71,40,123,PRO
72,39,124,PRO
70,41,498,PRO
67,43,99,PRO
69,43,225,PRO
71,41,123,PRO
72,40,100,PRO
71,39,124,PRO
69,39,249,PRO
71,37,13,PRO
72,35,1,PRO
73,34,1,FRA
75,31,248,FRA
74,32,8,FRA
73,33,3,FRA
71,36,6,PRO
70,37,53,PRO
72,36,7,PRO
73,35,1,FRA
75,35,1,PRO
74,38,9,PRO
79,37,1,PRO
1,37,7,PRO
0,37,6,PRO
79,38,7,PRO
78,38,6,PRO
77,38,7,PRO
77,37,1,PRO
78,36,1,PRO
78,37,1,PRO
79,36,1,PRO
0,36,1,PRO
1,36,1,PRO
2,37,1,PRO
3,38,1,PRO
4,38,7,PRO
4,37,1,PRO
5,38,1,PRO
5,37,1,PRO
4,36,1,PRO
4,35,1,BEL
5,36,1,PRO
3,37,1,PRO
2,36,1,PRO
2,35,1,PRO
2,34,1,PRO
3,34,1,PRO
3,33,1,PRO
3,32,1,PRO
2,31,1,PRO
2,30,1,PRO
2,29,1,PRO
2,33,1,PRO
3,35,1,BEL
3,36,1,BEL
4,34,1,BEL
4,33,1,BEL
4,32,1,BEL
4,31,1,BEL
4,30,1,BEL
4,29,1,BEL
3,29,1,PRO
3,30,1,PRO
3,31,1,PRO
5,32,1,BEL
5,33,1,BEL
6,32,1,BEL
6,31,1,BEL
6,30,1,BEL
5,30,1,BEL
5,31,1,BEL
6,29,1,BEL
7,29,1,BEL
7,28,1,BEL
7,27,1,BEL
8,27,1,BEL
6,28,1,BEL
5,28,1,BEL
4,28,1,BEL
4,27,1,BEL
3,27,1,BEL
3,26,1,BEL
2,25,1,BEL
0,24,1,BEL
79,24,1,BEL
79,25,1,BEL
0,25,1,BEL
1,26,1,BEL
2,26,1,BEL
3,28,1,BEL
5,29,1,BEL
4,26,1,BEL
3,25,13,BEL
2,24,6,BEL
1,25,7,BEL
1,24,1,BEL
1,23,1,BEL
2,22,123,BEL
2,23,124,BEL
0,23,1,BEL
0,22,1,BEL
1,22,123,BEL
0,21,60,BEL
79,21,61,BEL
78,20,29,BEL
77,21,14,BEL
77,20,13,BEL
76,20,6,BEL
76,19,6,BEL
77,19,62,FLL
78,21,29,BEL
79,22,29,BEL
79,23,11,BEL
78,23,6,BEL
78,22,14,BEL
77,22,6,BEL
76,21,7,BEL
74,21,1,FRA
73,21,10,FRA
73,20,14,FRA
74,19,2,FRA
75,19,7,BEL
74,20,1,FRA
75,21,1,BEL
75,20,1,BEL
75,22,1,BEL
72,20,9,FRA
71,20,248,FRA
70,19,498,FRA
72,19,111,FRA
69,20,1000,FRA
68,19,247,FRA
67,19,123,FRA
66,19,28,FRA
65,19,13,FRA
64,18,14,FRA
63,19,6,FRA
62,18,7,FRA
61,19,1,FRA
59,19,1,FRA
58,18,1,FRA
57,19,1,FRA
56,18,1,FRA
58,19,1,FRA
60,19,1,FRA
60,20,1,FRA
61,21,1,FRA
62,20,1,FRA
62,21,1,FRA
63,22,1,FRA
62,22,1,FRA
59,20,1,FRA
62,19,1,FRA
61,20,1,FRA
63,20,1,FRA
64,19,11,FRA
65,20,13,FRA
66,20,15,FRA
67,20,248,FRA
67,21,123,FRA
68,20,247,FRA
69,21,247,FRA
70,20,498,FRA
72,21,6,FRA
74,22,1,BEL
76,22,7,BEL
77,23,7,BEL
77,24,1,BEL
78,24,1,BEL
2,27,1,BEL
2,28,1,BEL
1,28,1,BEL
1,27,1,BEL
0,27,1,BEL
0,26,1,BEL
79,27,1,BEL
78,25,1,BEL
77,26,1,BEL
76,25,1,BEL
75,25,1,BEL
74,24,1,BEL
74,23,1,BEL
73,24,1,BEL
73,23,1,FRA
72,22,7,FRA
71,22,49,FRA
70,21,122,FRA
71,21,100,FRA
73,22,1,FRA
75,23,1,BEL
76,23,1,BEL
76,24,1,BEL
77,25,1,BEL
79,26,1,BEL
75,24,1,BEL
71,23,23,FRA
69,22,60,FRA
68,22,28,FRA
67,22,29,FRA
66,21,13,FRA
65,21,14,FRA
64,21,6,FRA
64,20,7,FRA
63,21,1,FRA
68,21,249,FRA
70,22,61,FRA
72,23,25,FRA
78,26,1,BEL
79,28,1,BEL
0,28,1,BEL
0,29,1,BEL
1,30,1,BEL
1,31,1,BEL
2,32,1,PRO
1,29,1,BEL
1,32,1,BEL
1,33,1,BEL
1,34,1,BEL
1,35,1,BEL
0,35,1,BEL
0,34,1,BEL
0,33,1,BEL
0,32,1,BEL
0,31,1,BEL
0,30,1,BEL
79,33,1,BEL
79,34,1,BEL
79,35,1,PRO
79,31,1,BEL
79,30,1,BEL
79,29,1,BEL
79,32,1,BEL
78,34,1,PRO
78,35,1,PRO
78,33,1,PRO
78,32,1,PRO
78,31,1,PRO
78,30,1,PRO
78,29,1,BEL
78,28,1,BEL
78,27,1,BEL
77,28,122,FRA
77,29,250,FRA
77,30,123,FRA
77,31,125,FRA
77,33,1,PRO
77,34,1,PRO
75,32,98,FRA
74,31,29,FRA
73,31,29,FRA
71,30,6,FRA
69,29,3,FRA
67,28,1,FRA
66,27,1,FRA
65,27,6,FRA
64,26,5,FRA
63,26,1,FRA
63,25,1,FRA
62,24,1,FRA
62,23,1,FRA
63,23,1,FRA
64,22,1,FRA
65,23,1,FRA
65,22,14,FRA
64,23,1,FRA
63,24,1,FRA
64,24,1,FRA
64,25,1,FRA
65,26,1,FRA
67,26,1,FRA
68,26,1,FRA
69,28,1,FRA
70,28,2,FRA
68,28,2,FRA
67,27,1,FRA
66,26,1,FRA
66,25,1,FRA
66,24,1,FRA
65,24,1,FRA
66,22,13,FRA
66,23,6,FRA
65,25,1,FRA
67,24,7,FRA
68,23,29,FRA
69,23,29,FRA
69,24,14,FRA
70,25,6,FRA
70,26,5,FRA
71,27,6,FRA
72,27,20,FRA
73,28,224,FRA
69,26,1,FRA
68,25,1,FRA
68,24,11,FRA
67,25,12,FRA
67,23,30,FRA
69,25,12,FRA
70,23,5,FRA
70,24,6,FRA
71,25,7,FRA
72,25,1,FRA
73,25,30,FRA
74,25,1,BEL
75,26,1,BEL
76,26,1,BEL
77,27,124,FRA
75,27,248,FRA
71,24,6,FRA
72,24,1,FRA
74,28,498,FRA
75,29,1000,FRA
74,27,123,FRA
73,27,60,FRA
72,26,53,FRA
71,26,47,FRA
73,26,29,FRA
75,28,498,FRA
76,28,247,FRA
76,27,249,FRA
76,29,498,FRA
74,29,247,FRA
73,30,122,FRA
73,29,123,FRA
72,28,29,FRA
71,28,25,FRA
70,27,11,FRA
69,27,6,FRA
68,27,7,FRA
74,26,125,FRA
75,30,498,FRA
74,30,249,FRA
72,31,5,FRA
71,32,6,FRA
70,33,1,FRA
69,33,1,FRA
70,32,7,FRA
71,33,1,FRA
72,32,7,FRA
73,32,25,FRA
69,35,1,FRA
68,35,1,FRA
67,37,1,PRO
66,37,1,PRO
65,38,1,FRA
65,39,13,PRO
64,39,5,PRO
63,40,6,PRO
63,41,7,PRO
62,40,1,PRO
62,39,1,PRO
61,40,1,PRO
61,39,1,PRO
61,36,1,FRA
61,37,1,FRA
61,38,1,PRO
63,33,248,FRA
63,36,2,FRA
63,37,1,FRA
63,38,1,PRO
63,39,6,PRO
64,40,1,PRO
62,37,1,PRO
62,36,1,PRO
62,33,123,FRA
62,32,248,FRA
63,31,1000,FRA
63,35,9,FRA
62,38,1,PRO
62,35,1,PRO
62,31,498,FRA
62,30,498,FRA
62,29,122,FRA
61,29,123,FRA
61,28,29,FRA
61,27,29,FRA
62,25,1,FRA
62,26,11,FRA
62,27,30,FRA
62,28,60,FRA
61,30,248,FRA
61,31,250,FRA
61,32,250,FRA
63,27,12,FRA
63,28,62,FRA
63,29,249,FRA
63,30,247,FRA
64,31,247,FRA
64,32,122,FRA
64,33,123,FRA
64,34,29,FRA
63,34,112,FRA
63,32,498,FRA
64,35,25,FRA
64,36,11,FRA
64,37,12,FRA
64,38,11,PRO
65,35,5,FRA
65,33,60,FRA
65,32,123,FRA
65,31,122,FRA
66,29,9,FRA
66,28,1,FRA
65,28,6,FRA
65,29,9,FRA
65,30,110,FRA
65,34,29,FRA
65,36,6,FRA
65,37,7,FRA
66,33,14,FRA
66,32,60,FRA
66,31,60,FRA
66,30,61,FRA
67,29,2,FRA
67,30,25,FRA
67,31,29,FRA
67,32,13,FRA
67,33,5,FRA
67,34,6,FRA
67,35,7,FRA
67,36,1,FRA
66,36,1,FRA
66,35,6,FRA
66,34,15,FRA
68,30,14,FRA
69,30,6,FRA
68,29,22,FRA
68,31,5,FRA
68,32,7,FRA
68,33,7,FRA
68,34,1,FRA
68,36,1,FRA
69,36,1,FRA
69,34,1,FRA
70,34,1,FRA
71,34,1,FRA
71,31,1,FRA
71,29,13,FRA
70,29,6,FRA
70,30,7,FRA
70,31,1,FRA
69,32,1,FRA
69,31,7,FRA
72,29,60,FRA
72,30,54,FRA
64,30,247,FRA
64,29,110,FRA
64,28,52,FRA
64,27,47,FRA
25,14,1,GER
26,13,1,GER
27,14,1,GER
27,13,1,GER
27,12,1,GER
28,12,1,GER
29,12,1,GER
30,12,1,GER
31,12,1,GER
30,13,1,GER
31,13,1,GER
32,13,1,GER
33,14,1,GER
31,14,1,GER
29,14,1,GER
28,13,1,GER
29,13,1,GER
27,11,1,GER
28,10,1,GER
29,10,1,GER
29,9,1,GER
30,10,1,GER
30,11,1,GER
31,11,1,GER
29,11,1,GER
28,11,1,GER
30,9,1,GER
28,8,1,DEN
28,7,1,DEN
27,8,1,DEN
27,7,1,DEN
27,6,1,DEN
27,5,1,DEN
28,4,1,DEN
28,3,1,DEN
29,3,1,DEN
30,2,1,DEN
31,2,1,DEN
32,2,1,DEN
31,9,1,GER
31,8,1,GER
32,7,1,GER
33,7,1,DEN
34,6,1,DEN
35,6,9,DEN
36,4,1,DEN
36,3,1,DEN
37,3,1,DEN
37,2,1,DEN
36,2,1,DEN
35,3,1,DEN
34,3,1,DEN
33,4,1,DEN
33,5,1,DEN
32,5,1,DEN
31,7,1,DEN
30,7,1,DEN
29,8,1,DEN
29,7,1,DEN
29,5,1,DEN
29,4,1,DEN
28,6,1,DEN
28,5,1,DEN
30,5,1,DEN
30,4,1,DEN
30,3,1,DEN
31,4,1,DEN
32,3,1,DEN
31,3,1,DEN
31,5,1,DEN
29,6,1,DEN
31,6,1,DEN
32,4,1,DEN
30,6,1,DEN
30,8,1,DEN
32,6,1,DEN
33,6,1,DEN
34,5,1,DEN
34,4,1,DEN
35,4,1,DEN
35,5,1,DEN
35,7,3,DEN
35,8,5,DEN
36,7,9,DEN
36,6,7,DEN
40,5,498,DEN
40,6,1000,DEN
39,6,498,DEN
38,6,248,DEN
38,7,500,DEN
39,7,498,DEN
40,7,498,DEN
41,7,498,DEN
40,8,248,DEN
39,8,123,DEN
39,9,125,DEN
41,8,122,DEN
42,7,123,DEN
42,8,125,DEN
41,9,124,DEN
42,6,122,DEN
42,5,123,DEN
41,6,498,DEN
41,5,248,DEN
42,4,250,DEN
43,5,125,DEN
43,6,124,DEN
37,7,203,DEN
18,30,1,GER
17,31,1,GER
18,31,1,GER
21,31,1,GER
32,33,1,GER
32,34,1,GER
24,33,9,BAV
23,33,8,BAV
22,33,9,BAV
21,33,6,BAV
21,32,1,BAV
20,31,1,BAV
19,31,1,BAV
19,32,1,BAV
19,33,3,BAV
18,32,1,GER
17,33,1,GER
16,32,1,GER
16,31,1,GER
15,32,1,GER
14,32,1,GER
13,33,1,GER
13,34,1,GER
12,34,1,GER
12,35,1,GER
11,36,1,SWI
12,36,1,GER
13,37,1,SWI
14,37,1,SWI
15,37,1,SWI
15,38,1,SWI
16,38,1,BAV
16,39,1,SWI
16,40,1,SWI
17,40,1,SWI
18,40,1,BAV
19,41,1,BAV
19,42,1,SWI
18,41,1,SWI
17,41,1,SWI
20,41,1,SWI
20,42,1,SWI
20,43,1,SWI
21,44,1,SWI
22,43,1,SWI
23,44,1,SWI
24,43,1,SWI
24,44,1,SWI
22,44,1,SWI
25,44,1,SWI
26,44,1,SWI
27,44,1,SWI
20,45,1,SWI
28,44,1,SWI
29,44,1,SWI
30,43,1,SWI
30,42,1,SWI
31,41,1,CRO
31,35,1,GER
30,34,1,GER
28,33,1,BAV
27,34,6,BAV
26,33,3,BAV
25,33,2,BAV
24,32,1,BAV
23,32,1,BAV
22,31,1,BAV
22,32,1,BAV
25,32,1,BAV
26,32,1,BAV
27,32,1,BAV
27,33,1,BAV
28,32,1,BAV
28,34,5,BAV
29,35,1,BAV
30,33,1,GER
29,34,1,BAV
31,34,1,GER
30,35,1,GER
30,36,1,GER
30,37,1,GER
31,38,1,CRO
31,39,1,CRO
31,40,1,CRO
30,40,1,CRO
30,41,1,SWI
30,39,1,CRO
31,36,1,CRO
31,37,1,CRO
30,38,1,CRO
29,40,1,SWI
29,41,1,SWI
29,42,1,SWI
29,43,1,SWI
28,40,1,SWI
28,39,1,BAV
28,37,1,BAV
29,36,1,BAV
29,37,1,BAV
29,38,1,BAV
29,39,1,BAV
28,41,1,SWI
27,40,1,BAV
27,39,6,BAV
27,38,9,BAV
27,36,9,BAV
27,37,8,BAV
28,42,1,SWI
27,43,1,SWI
26,42,1,SWI
25,42,1,SWI
24,41,1,SWI
24,40,1,SWI
24,39,1,SWI
25,37,122,BAV
26,36,110,BAV
26,39,6,BAV
26,40,3,BAV
26,41,2,BAV
26,43,1,SWI
28,43,1,SWI
27,41,1,BAV
27,42,1,BAV
25,43,1,SWI
23,43,1,SWI
22,42,1,SWI
21,43,1,SWI
21,42,1,SWI
21,40,21,BAV
21,39,20,BAV
21,38,122,BAV
21,37,122,BAV
21,36,123,BAV
22,35,122,BAV
22,34,110,BAV
22,36,498,BAV
22,37,498,BAV
22,38,224,BAV
23,40,1,SWI
23,41,1,SWI
23,42,1,SWI
24,42,1,SWI
22,41,1,SWI
22,40,1,SWI
22,39,225,BAV
23,39,123,BAV
23,38,247,BAV
23,37,1000,BAV
23,36,247,BAV
23,35,249,BAV
24,35,248,BAV
25,38,60,BAV
25,39,52,BAV
25,40,29,BAV
25,41,22,BAV
24,38,124,BAV
24,36,247,BAV
24,34,60,BAV
23,34,100,BAV
25,34,25,BAV
26,34,25,BAV
26,35,61,BAV
25,36,123,BAV
25,35,124,BAV
24,37,247,BAV
26,38,53,BAV
26,37,99,BAV
28,38,1,BAV
28,36,1,BAV
28,35,4,BAV
27,35,41,BAV
21,34,53,BAV
20,32,2,BAV
17,32,1,GER
15,33,1,GER
14,33,1,GER
14,34,1,GER
14,35,1,GER
13,36,1,GER
13,35,1,GER
14,36,1,SWI
15,35,1,GER
16,34,1,GER
16,35,1,GER
16,36,1,BAV
16,33,1,GER
15,34,1,GER
16,37,1,BAV
15,36,1,SWI
17,37,3,BAV
18,38,6,BAV
18,39,5,BAV
19,40,9,BAV
20,40,8,BAV
19,39,3,BAV
17,39,1,BAV
17,38,2,BAV
18,36,6,BAV
18,35,5,BAV
18,34,1,BAV
19,34,2,BAV
19,35,6,BAV
20,35,53,BAV
20,36,60,BAV
20,38,60,BAV
20,39,88,BAV
19,38,53,BAV
21,41,1,SWI
19,37,29,BAV
19,36,47,BAV
18,37,22,BAV
20,37,124,BAV
21,35,124,BAV
20,34,25,BAV
20,33,22,BAV
18,33,1,BAV
17,34,1,BAV
17,35,1,BAV
17,36,1,BAV
34,35,1,CRO
33,36,1,CRO
35,35,1,CRO
36,35,1,CRO
36,36,1,CRO
35,36,1,CRO
34,34,1,CRO
34,33,1,CRO
34,32,1,CRO
34,31,1,CRO
35,33,1,CRO
35,34,1,CRO
36,34,1,CRO
37,36,1,CRO
34,36,1,CRO
35,37,1,CRO
37,37,1,CRO
37,35,1,CRO
36,33,1,CRO
35,32,1,CRO
34,30,1,CRO
38,35,1,CRO
43,24,1,GER
42,24,1,GER
41,25,1,GER
40,25,1,GER
39,26,1,GER
38,26,1,GER
37,27,1,CRO
36,27,1,CRO
35,28,1,CRO
34,28,1,CRO
34,29,1,CRO
35,30,1,CRO
35,31,1,CRO
36,31,1,CRO
36,32,1,CRO
37,33,1,CRO
37,34,1,CRO
38,34,1,CRO
39,35,1,CRO
39,36,1,CRO
39,37,1,CRO
40,36,1,CRO
40,37,1,CRO
41,37,1,CRO
42,37,1,CRO
43,38,1,CRO
44,38,1,CRO
45,39,1,CRO
46,38,1,CRO
47,39,1,CRO
48,38,1,CRO
49,39,1,CRO
50,38,1,CRO
51,38,1,CRO
52,38,1,CRO
53,37,1,CRO
53,36,1,CZE
54,35,1,CZE
54,36,1,CZE
52,37,1,CRO
53,38,1,CRO
54,38,1,CRO
55,38,1,CRO
55,37,1,CRO
56,36,1,CRO
56,35,1,CRO
56,34,1,CRO
56,33,1,CRO
56,32,1,CRO
56,31,1,CRO
56,30,1,CRO
56,29,1,CRO
55,28,1,CRO
54,27,1,CRO
53,27,1,CRO
52,27,1,CRO
51,27,1,CRO
50,26,1,CRO
49,26,1,CRO
48,25,1,CZE
47,25,1,CZE
46,25,1,CZE
45,25,1,CZE
44,24,1,GER
48,26,1,CZE
53,28,1,CRO
54,28,1,CRO
55,29,1,CRO
55,30,1,CRO
54,31,1,CRO
54,32,1,CRO
55,33,1,CRO
55,34,1,CRO
55,35,1,CRO
55,36,1,CRO
54,37,1,CZE
54,34,1,CZE
54,33,1,CRO
55,32,1,CRO
55,31,1,CRO
54,30,1,CRO
54,29,1,CRO
53,29,1,CRO
52,28,1,CRO
51,28,1,CRO
50,27,1,CRO
49,27,1,CRO
47,27,3,CZE
47,26,5,CZE
46,26,1,CZE
45,26,1,CZE
44,25,1,CZE
43,25,1,GER
42,25,1,CZE
41,26,1,CZE
40,26,1,CZE
39,27,1,GER
38,27,1,GER
37,28,1,GER
36,28,1,GER
35,29,1,GER
37,30,1,CZE
38,29,1,CZE
38,30,1,CZE
39,32,9,CZE
40,32,9,CZE
40,33,1,CZE
39,34,1,CZE
38,33,1,CZE
41,33,8,CZE
38,32,1,CZE
37,31,1,CZE
38,31,1,CZE
37,32,1,CZE
36,30,1,GER
36,29,1,GER
37,29,1,CZE
38,28,1,CZE
39,28,8,CZE
40,28,6,CZE
41,28,18,CZE
41,27,9,CZE
42,26,8,CZE
43,27,16,CZE
43,26,2,CZE
40,27,2,CZE
40,29,17,CZE
40,30,16,CZE
39,31,8,CZE
39,29,2,CZE
39,30,2,CZE
39,33,1,CZE
42,34,1,CZE
43,35,1,CZE
44,35,1,CZE
44,36,1,CZE
44,37,1,CZE
43,37,1,CZE
42,36,1,CZE
40,35,1,CZE
40,34,1,CZE
41,36,1,CZE
42,35,1,CZE
41,35,1,CZE
41,34,1,CZE
43,36,1,CZE
45,37,1,CZE
46,37,1,CZE
45,38,1,CZE
45,35,3,CZE
45,33,37,CZE
45,32,248,CZE
45,31,498,CZE
45,30,498,CZE
45,29,247,CZE
46,27,8,CZE
45,27,9,CZE
44,26,9,CZE
44,28,248,CZE
44,29,998,CZE
44,30,2000,CZE
44,31,498,CZE
44,33,34,CZE
44,34,3,CZE
42,32,37,CZE
42,30,498,CZE
44,27,110,CZE
43,28,224,CZE
42,29,498,CZE
41,31,224,CZE
41,32,98,CZE
40,31,100,CZE
41,29,202,CZE
42,28,123,CZE
42,27,100,CZE
41,30,225,CZE
43,29,498,CZE
43,30,2000,CZE
43,31,998,CZE
43,33,37,CZE
43,34,4,CZE
42,33,4,CZE
43,32,451,CZE
42,31,453,CZE
44,32,410,CZE
45,34,4,CZE
46,35,2,CZE
46,36,1,CZE
47,38,1,CZE
47,37,1,CZE
47,35,2,CZE
47,34,2,CZE
47,33,6,CZE
47,30,16,CZE
47,29,15,CZE
47,28,13,CZE
46,28,183,CZE
45,28,112,CZE
46,29,224,CZE
46,30,123,CZE
46,31,123,CZE
46,32,53,CZE
46,33,25,CZE
46,34,18,CZE
45,36,1,CZE
47,36,1,CZE
48,35,1,CZE
48,34,1,CZE
48,33,1,CZE
48,31,3,CZE
47,31,29,CZE
47,32,29,CZE
48,36,1,CZE
49,37,1,CZE
50,36,1,CZE
51,36,1,CZE
48,37,1,CZE
49,38,1,CZE
50,37,1,CZE
51,37,1,CZE
52,36,1,CZE
52,35,1,CZE
53,35,1,CZE
53,34,1,CZE
53,32,1,CZE
52,31,1,CZE
52,30,1,CZE
52,29,1,CRO
53,31,1,CZE
52,33,1,CZE
52,32,1,CZE
53,33,1,CZE
51,32,1,CZE
50,32,1,CZE
49,33,1,CZE
48,32,11,CZE
50,33,1,CZE
50,34,1,CZE
50,35,1,CZE
49,35,1,CZE
49,36,1,CZE
49,34,1,CZE
51,34,1,CZE
51,35,1,CZE
52,34,1,CZE
51,33,1,CZE
49,31,2,CZE
49,30,2,CZE
48,29,2,CZE
48,28,1,CZE
48,27,1,CZE
48,30,17,CZE
50,31,1,CZE
50,30,1,CZE
50,29,1,CZE
50,28,1,CZE
49,28,1,CRO
49,29,1,CZE
51,29,1,CZE
51,30,1,CZE
51,31,1,CZE
53,30,1,CZE
49,32,9,CZE
55,39,1,CRO
56,39,1,SER
57,40,1,FRA
58,40,1,FRA
59,41,1,FRA
59,40,1,FRA
59,39,1,FRA
57,39,1,FRA
56,38,1,FRA
56,37,1,CRO
57,38,1,FRA
58,38,1,FRA
58,39,1,FRA
59,38,1,FRA
58,37,1,FRA
57,37,1,FRA
58,35,1,FRA
59,37,1,FRA
57,35,1,FRA
57,36,1,FRA
58,36,1,FRA
59,36,1,FRA
59,35,1,FRA
58,34,1,FRA
57,34,1,FRA
57,33,1,FRA
58,33,1,FRA
60,34,1,FRA
60,33,1,FRA
59,34,1,FRA
59,33,1,FRA
58,32,1,FRA
57,32,1,FRA
57,31,1,FRA
57,30,1,FRA
57,29,1,FRA
58,28,1,FRA
59,28,1,FRA
59,27,1,FRA
58,29,1,FRA
58,30,1,FRA
58,31,1,FRA
59,32,1,FRA
59,31,1,FRA
59,30,1,FRA
59,29,1,FRA
78,48,1,PRO
77,49,1,PRO
76,49,1,PRO
75,49,1,CAT
75,50,1,CAT
74,50,1,CAT
73,51,1,CAT
72,50,2,CAT
71,51,6,CAT
70,51,21,CAT
69,51,122,CAT
69,52,248,CAT
68,52,247,CAT
67,53,498,CAT
66,52,247,CAT
65,52,122,CAT
64,51,28,CAT
64,50,13,CAT
64,49,13,CAT
64,48,5,CAT
63,48,6,CAT
63,47,7,CAT
62,47,1,CAT
62,46,1,CAT
62,45,1,CAT
63,45,1,CAT
64,45,1,CAT
64,46,1,CAT
64,47,7,CAT
65,50,13,CAT
63,52,29,CAT
62,52,13,CAT
61,52,6,CAT
61,51,7,CAT
61,50,1,CAT
62,48,1,CAT
63,49,5,CAT
63,50,14,CAT
63,51,13,CAT
62,51,6,CAT
62,50,7,CAT
62,49,7,CAT
65,51,249,CAT
66,51,247,CAT
67,51,247,CAT
68,50,248,CAT
69,50,60,CAT
68,51,498,CAT
67,52,1000,CAT
65,49,6,CAT
65,48,7,CAT
65,47,1,CAT
65,46,1,CAT
63,46,1,CAT
66,50,123,CAT
66,49,28,CAT
66,48,29,CAT
66,47,14,CAT
66,46,15,CAT
67,49,13,CAT
67,50,123,CAT
67,48,6,CAT
67,47,7,CAT
69,47,1,CAT
69,48,2,CAT
69,49,25,CAT
68,49,125,CAT
68,48,29,CAT
68,47,14,CAT
68,46,12,CAT
70,50,52,CAT
71,50,25,CAT
72,49,5,CAT
73,50,6,CAT
74,49,7,CAT
76,48,1,PRO
77,48,1,PRO
76,47,1,CAT
75,48,1,CAT
74,48,1,CAT
73,49,7,CAT
72,48,1,CAT
73,48,1,CAT
73,47,1,CAT
74,47,1,CAT
71,48,1,CAT
70,48,13,CAT
70,49,29,CAT
70,47,6,CAT
71,47,7,CAT
72,47,1,CAT
71,49,30,CAT
61,49,1,CAT
61,48,1,CAT
61,47,1,CAT
60,48,1,CAT
60,49,1,CAT
60,51,1,CAT
60,52,1,CAT
59,52,1,CAT
59,53,1,CAT
72,51,9,CAT
73,52,1,CAT
74,51,1,CAT
75,51,1,CAT
76,51,1,CAT
77,50,1,PRO
77,51,1,CAT
76,50,1,CAT
71,52,7,CAT
70,52,203,CAT
69,53,249,CAT
68,53,248,CAT
67,54,250,CAT
66,53,122,CAT
66,54,123,CAT
65,55,29,CAT
64,55,29,CAT
63,56,5,CAT
63,57,6,CAT
62,57,7,CAT
61,57,1,CAT
61,58,1,CAT
60,57,1,CAT
61,56,1,CAT
64,54,13,CAT
65,53,123,CAT
64,53,60,CAT
63,55,6,CAT
62,55,7,CAT
62,56,7,CAT
63,54,29,CAT
64,52,60,CAT
65,54,124,CAT
60,56,1,CAT
59,57,1,CAT
59,56,1,CAT
59,54,1,CAT
59,55,1,CAT
60,55,1,CAT
61,55,1,CAT
62,53,5,CAT
63,53,62,CAT
62,54,6,CAT
61,54,7,CAT
61,53,7,CAT
60,53,1,CAT
60,54,1,CAT
58,57,1,CAT
57,58,1,CAT
56,57,1,CAT
55,58,1,CAT
56,58,1,CAT
59,58,1,CAT
60,58,1,CAT
57,57,1,CAT
57,56,1,CAT
57,55,1,CAT
58,55,1,CAT
58,56,1,CAT
58,54,1,CAT
58,53,1,CAT
3,48,1,PRO
4,48,1,PRO
5,48,1,PRO
5,49,1,PRO
6,49,1,PRO
6,50,1,PRO
6,51,1,PRO
6,52,1,PRO
7,52,1,PRO
8,52,1,PRO
10,52,1,SWI
11,53,1,SWI
12,52,1,LOM
12,53,1,LOM
13,54,3,LOM
14,54,8,LOM
14,55,21,LOM
14,56,20,LOM
15,57,224,LOM
15,58,123,LOM
16,58,61,LOM
16,59,29,LOM
17,59,14,LOM
18,58,6,LOM
19,58,7,LOM
20,57,1,LOM
21,58,1,LOM
21,57,1,LOM
23,57,1,LOM
24,56,1,LOM
25,57,1,LOM
26,56,1,LOM
27,56,1,LOM
27,55,1,LOM
28,55,1,LOM
28,54,1,LOM
28,53,1,LOM
28,52,1,LOM
28,51,1,LOM
28,50,1,LOM
28,49,1,SWI
29,49,1,SWI
30,47,1,SWI
30,46,1,SWI
31,47,1,SWI
31,46,1,SWI
4,47,1,PRO
4,46,7,PRO
5,46,1,PRO
5,45,7,PRO
5,44,7,PRO
6,43,1,PRO
6,44,1,PRO
6,45,1,PRO
5,47,1,PRO
6,46,1,PRO
7,45,1,SWI
7,44,1,PRO
8,43,1,PRO
8,44,1,SWI
8,45,7,SWI
8,46,1,SWI
8,48,1,PRO
7,50,1,PRO
7,51,1,PRO
6,48,1,PRO
6,47,1,PRO
7,47,1,SWI
7,46,1,SWI
7,49,1,PRO
8,50,1,SWI
8,51,1,PRO
9,52,1,PRO
9,53,1,PRO
10,51,1,SWI
10,50,1,SWI
10,49,1,SWI
9,49,1,SWI
8,47,1,SWI
7,48,1,PRO
10,47,7,SWI
11,48,1,SWI
11,47,13,SWI
9,48,1,SWI
9,47,1,SWI
10,48,1,SWI
9,50,1,SWI
8,49,1,SWI
9,51,1,SWI
17,50,1,SWI
18,51,1,LOM
18,52,10,LOM
18,53,9,LOM
17,55,247,LOM
16,55,498,LOM
13,52,1,SWI
12,50,1,SWI
11,51,1,SWI
11,49,1,SWI
12,47,6,SWI
12,46,14,SWI
13,48,7,SWI
14,48,1,SWI
15,49,1,SWI
16,49,1,SWI
16,48,1,SWI
16,47,1,SWI
17,47,1,SWI
17,46,5,SWI
19,46,1,SWI
20,46,1,SWI
21,46,1,SWI
22,46,1,SWI
23,46,1,SWI
23,47,1,SWI
24,46,1,SWI
25,47,1,SWI
25,46,1,SWI
26,46,1,SWI
27,46,1,SWI
28,46,1,SWI
29,47,1,SWI
30,48,1,SWI
28,48,1,SWI
27,49,1,SWI
27,48,1,SWI
28,47,1,SWI
29,48,1,SWI
27,47,1,SWI
26,47,1,SWI
25,49,1,SWI
22,49,1,LOM
20,50,1,LOM
20,51,1,LOM
19,53,2,LOM
19,54,20,LOM
19,52,1,LOM
19,50,1,LOM
19,49,1,SWI
18,47,1,SWI
18,46,7,SWI
18,48,1,SWI
18,49,1,SWI
17,49,1,SWI
17,48,1,SWI
19,51,1,LOM
18,50,1,SWI
17,51,1,SWI
16,50,1,SWI
15,51,1,SWI
13,50,1,SWI
12,49,1,SWI
12,48,1,SWI
13,49,1,SWI
14,49,1,SWI
15,50,1,SWI
11,50,1,SWI
11,52,1,SWI
13,51,1,SWI
14,50,1,SWI
12,51,1,SWI
14,51,1,SWI
15,53,9,LOM
15,54,16,LOM
14,53,2,LOM
13,53,5,LOM
14,52,1,SWI
16,51,1,SWI
17,52,7,LOM
17,53,6,LOM
16,53,7,LOM
16,52,1,LOM
15,52,1,SWI
15,55,224,LOM
15,56,225,LOM
16,56,498,LOM
16,57,248,LOM
17,58,250,LOM
18,57,500,LOM
20,56,1,LOM
22,56,1,LOM
23,56,1,LOM
22,57,1,LOM
24,55,1,LOM
25,55,1,LOM
26,54,1,LOM
27,54,1,LOM
27,53,1,LOM
27,52,1,LOM
27,51,1,LOM
27,50,1,LOM
26,50,1,LOM
26,51,1,LOM
26,52,1,LOM
26,55,1,LOM
25,54,1,LOM
26,53,1,LOM
23,54,1,LOM
23,55,1,LOM
21,55,3,LOM
20,55,1,LOM
19,56,248,LOM
19,57,250,LOM
18,56,498,LOM
21,56,1,LOM
22,55,1,LOM
24,54,1,LOM
25,56,1,LOM
17,56,1000,LOM
17,57,498,LOM
19,55,123,LOM
18,54,224,LOM
16,54,203,LOM
17,54,203,LOM
18,55,247,LOM
20,54,28,LOM
20,53,25,LOM
20,52,8,LOM
21,50,1,LOM
20,49,1,LOM
20,48,1,LOM
20,47,1,SWI
19,47,1,SWI
19,48,1,SWI
21,47,1,SWI
21,48,1,SWI
21,49,1,SWI
22,48,1,SWI
22,47,1,SWI
23,48,1,SWI
24,47,1,SWI
25,48,1,SWI
26,48,1,SWI
26,49,1,SWI
24,48,1,SWI
24,49,1,SWI
23,50,1,SWI
23,51,1,SWI
23,52,1,SWI
22,52,1,LOM
22,53,2,LOM
22,54,1,LOM
21,54,21,LOM
21,53,6,LOM
21,52,7,LOM
21,51,1,LOM
22,50,1,LOM
22,51,1,LOM
23,49,1,SWI
24,50,1,SWI
24,51,1,SWI
24,52,1,SWI
24,53,1,SWI
23,53,1,LOM
25,52,1,LOM
25,51,1,LOM
25,50,1,SWI
25,53,1,LOM
38,36,1,CRO
38,37,1,CRO
38,38,1,CRO
37,38,1,CRO
36,37,1,CRO
7,12,123,NED
6,11,60,NED
7,11,62,NED
10,9,1,NED
11,9,1,NED
11,10,1,NED
12,11,1,NED
12,10,1,NED
12,9,1,NED
6,14,498,NED
5,13,248,NED
6,13,247,NED
4,13,225,NED
5,14,249,NED
13,10,1,NED
14,10,1,NED
15,10,1,NED
15,11,1,NED
13,12,1,NED
13,11,1,NED
14,11,1,NED
17,12,1,NED
17,13,1,NED
16,12,1,NED
15,12,1,NED
16,11,1,NED
54,57,1,CAT
53,57,1,CAT
52,56,1,CAT
51,56,1,CAT
50,55,1,CAT
48,54,1,CAT
45,52,1,CAT
44,51,1,CAT
42,50,1,CRO
39,49,1,CRO
37,48,1,CRO
35,48,1,CRO
35,47,1,CRO
34,47,1,CRO
33,47,1,CRO
32,46,1,CRO
32,45,1,CRO
33,46,1,CRO
36,47,1,CRO
38,48,1,CRO
38,49,1,CRO
40,49,1,CRO
41,50,1,CRO
43,51,1,CRO
46,52,1,CAT
47,53,1,CAT
48,53,1,CAT
49,55,1,CAT
39,50,1,CRO
39,51,1,CRO
40,51,1,CRO
40,52,1,CRO
40,50,1,CRO
41,52,1,CRO
42,51,1,CRO
43,52,1,CRO
44,52,1,CRO
41,51,1,CRO
39,48,1,CRO
36,46,9,CRO
35,46,9,CRO
33,45,2,CRO
32,44,1,CRO
31,45,1,CRO
31,44,1,CRO
32,43,1,CRO
32,42,1,CRO
33,42,3,CRO
33,41,1,CRO
33,40,1,CRO
33,39,1,CRO
33,38,1,CRO
33,37,1,CRO
34,37,1,CRO
35,38,1,CRO
36,38,1,CRO
37,39,1,CRO
38,39,9,CRO
39,40,8,CRO
39,39,1,CRO
39,38,1,CRO
40,38,1,CRO
41,39,1,CRO
42,38,1,CRO
41,38,1,CRO
43,39,1,CRO
46,39,1,CRO
45,40,1,CRO
44,39,1,CRO
47,40,1,CRO
48,39,1,CRO
49,40,1,CRO
50,39,1,CRO
51,39,1,CRO
52,39,1,CRO
53,40,1,SER
53,39,1,SER
54,39,1,SER
55,40,1,SER
56,40,1,SER
57,41,1,SER
58,41,1,FRA
59,42,1,SER
60,42,1,SER
60,41,1,FRA
61,42,1,FRA
62,42,1,FRA
62,43,1,FRA
62,44,1,FRA
61,45,1,SER
61,46,1,CAT
60,46,1,CAT
60,47,1,CAT
59,48,1,CAT
58,48,1,CAT
59,49,1,CAT
59,50,1,CAT
60,50,1,CAT
59,51,1,CAT
58,51,1,CAT
58,52,1,CAT
57,53,1,CAT
57,54,1,CAT
56,54,1,CAT
56,55,1,CAT
56,56,1,CAT
55,57,1,CAT
54,56,1,CAT
53,56,1,CAT
52,55,1,CAT
51,55,1,CAT
50,54,1,CAT
49,54,1,CAT
50,53,1,CAT
52,54,1,CAT
53,55,1,CAT
54,55,1,CAT
55,56,1,CAT
55,55,1,CAT
55,54,1,CAT
55,53,1,CAT
55,52,1,SER
56,50,6,SER
56,48,122,SER
57,47,20,SER
57,51,2,SER
56,52,1,CAT
56,53,1,CAT
56,51,1,SER
57,52,1,SER
54,50,9,SER
51,50,9,SER
49,49,2,SER
48,48,2,SER
47,48,1,SER
45,47,1,SER
51,48,21,SER
51,51,1,SER
51,52,1,SER
51,54,1,CAT
52,52,1,CAT
52,49,20,SER
53,48,498,SER
53,47,498,SER
52,48,224,SER
52,50,8,SER
52,51,5,SER
53,53,1,CAT
53,54,1,CAT
53,51,3,SER
53,49,248,SER
53,46,122,SER
53,45,60,SER
54,47,1000,SER
54,49,60,SER
54,51,1,SER
54,52,1,SER
54,53,1,SER
54,46,247,SER
55,44,6,SER
55,43,3,SER
54,48,498,SER
54,54,1,SER
53,52,1,SER
52,53,1,CAT
51,53,1,CAT
50,52,1,CAT
48,51,1,CAT
48,50,1,CAT
47,51,1,CAT
46,50,1,CAT
46,49,1,CAT
45,50,1,CAT
45,49,1,CAT
44,48,1,CAT
41,47,5,CRO
39,46,14,CRO
39,47,2,CRO
40,47,1,CRO
40,48,1,CRO
41,49,1,CRO
42,49,1,CRO
43,50,1,CRO
44,50,1,CAT
45,51,1,CAT
46,51,1,CAT
47,52,1,CAT
48,52,1,CAT
49,53,1,CAT
49,52,1,CAT
49,51,1,CAT
50,50,1,CAT
50,49,1,CAT
51,49,110,SER
51,47,20,SER
51,46,18,SER
50,48,29,SER
50,51,1,CAT
49,50,1,CAT
48,49,1,CAT
47,49,1,CAT
46,48,1,CAT
45,48,1,CAT
44,47,1,CAT
44,49,1,CAT
43,49,1,CAT
42,48,1,CAT
41,48,1,CAT
42,47,1,SER
43,48,1,CAT
42,46,1,CRO
47,50,1,CAT
46,46,1,SER
46,47,1,SER
47,47,1,SER
49,47,3,SER
49,48,21,SER
48,47,8,SER
48,46,6,SER
49,45,1,SER
50,43,1,SER
49,42,1,SER
49,41,1,SER
49,44,1,SER
49,46,7,SER
50,46,1,SER
50,47,25,SER
50,45,1,SER
50,44,1,SER
51,44,1,SER
51,43,1,SER
51,42,1,SER
50,42,1,SER
49,43,1,SER
48,42,1,SER
48,43,1,SER
48,44,1,SER
48,45,1,SER
47,46,1,SER
46,45,1,SER
45,46,1,SER
44,46,1,SER
43,47,1,SER
43,46,1,SER
43,45,1,SER
44,44,1,SER
44,43,1,SER
44,41,1,SER
44,40,1,SER
44,42,1,SER
44,45,1,SER
45,41,1,SER
45,42,1,SER
45,43,1,SER
45,44,1,SER
45,45,1,SER
46,44,1,SER
46,43,1,SER
46,40,1,SER
47,41,1,SER
46,41,1,SER
46,42,1,SER
47,42,1,SER
47,43,1,SER
47,44,1,SER
47,45,1,SER
48,41,1,SER
48,40,1,SER
51,41,1,SER
52,40,1,SER
51,40,1,SER
50,40,1,SER
50,41,1,SER
52,41,1,SER
53,42,1,SER
52,42,5,SER
52,43,6,SER
52,44,53,SER
52,45,124,SER
52,46,202,SER
52,47,225,SER
51,45,62,SER
53,50,88,SER
55,51,6,SER
55,50,53,SER
55,49,123,SER
55,48,247,SER
55,46,248,SER
55,45,52,SER
55,47,247,SER
56,47,123,SER
56,49,53,SER
57,50,25,SER
58,50,14,SER
58,49,15,SER
57,49,124,SER
57,48,60,SER
58,47,13,SER
59,47,14,SER
59,46,6,SER
60,45,7,SER
60,44,1,SER
61,44,1,SER
61,43,1,SER
59,45,1,SER
58,45,1,SER
57,46,1,SER
58,46,14,SER
56,46,225,SER
56,45,29,SER
56,44,13,SER
56,43,5,SER
56,42,6,SER
56,41,7,SER
57,42,1,SER
57,43,7,SER
57,44,5,SER
57,45,13,SER
58,44,6,SER
59,44,7,SER
60,43,1,SER
59,43,1,SER
58,42,1,SER
58,43,7,SER
54,44,29,SER
54,45,249,SER
53,44,29,SER
53,43,3,SER
54,42,6,SER
54,43,25,SER
55,42,7,SER
55,41,1,SER
54,40,1,SER
53,41,1,SER
54,41,1,SER
43,40,1,CRO
42,39,1,CRO
40,39,1,CRO
40,40,6,CRO
41,41,3,CRO
42,40,1,CRO
43,41,1,CRO
42,41,2,CRO
41,40,1,CRO
43,42,1,CRO
43,43,1,CRO
43,44,1,CRO
42,44,9,CRO
42,45,8,CRO
41,46,3,CRO
40,46,1,CRO
40,45,20,CRO
40,44,248,CRO
41,43,9,CRO
42,42,2,CRO
42,43,9,CRO
41,44,110,CRO
41,45,88,CRO
38,46,12,CRO
38,47,1,CRO
37,47,1,CRO
37,46,20,CRO
36,44,122,CRO
36,43,248,CRO
35,43,28,CRO
34,43,29,CRO
34,44,25,CRO
34,45,11,CRO
34,46,9,CRO
33,44,10,CRO
33,43,9,CRO
34,41,2,CRO
35,42,25,CRO
35,41,5,CRO
35,40,6,CRO
35,39,7,CRO
34,38,1,CRO
34,39,1,CRO
34,40,6,CRO
34,42,25,CRO
35,44,123,CRO
35,45,112,CRO
36,45,111,CRO
37,45,224,CRO
38,44,498,CRO
37,44,498,CRO
37,43,247,CRO
36,42,123,CRO
36,41,28,CRO
36,40,29,CRO
36,39,11,CRO
37,40,12,CRO
37,41,30,CRO
37,42,500,CRO
38,42,498,CRO
38,43,1000,CRO
38,45,203,CRO
39,45,225,CRO
39,44,247,CRO
39,43,247,CRO
39,42,122,CRO
38,41,123,CRO
38,40,100,CRO
39,41,52,CRO
40,41,29,CRO
41,42,18,CRO
40,42,123,CRO
40,43,111,CRO
