0,16,5
79,17,5
61,25,1
8,30,1
7,32,2
7,33,1
7,34,1
7,35,1
33,33,6
33,31,6
33,29,6
36,26,1
37,26,1
5,12,3
79,18,5
6,34,1
6,33,2
5,34,1
12,21,6
14,22,6
13,23,6
13,24,6
12,23,6
13,25,6
15,24,6
15,23,6
12,24,6
14,23,6
8,32,1
4,12,3
13,19,6
32,30,6
32,28,6
73,37,1
72,37,1
72,35,1
72,36,1
5,32,1
6,32,2
6,30,2
5,31,1
6,29,2
7,29,2
0,28,6
1,30,6
1,29,6
0,32,6
0,31,6
0,30,6
79,31,6
79,29,6
78,30,6
77,28,6
37,35,2
35,32,2
34,30,6
42,24,1
40,25,1
38,26,1
37,27,1
36,27,1
34,28,1
34,29,6
35,30,6
35,31,6
36,32,2
37,33,2
38,34,2
39,36,2
47,26,1
42,25,1
41,26,1
40,26,1
39,27,1
60,48,3
60,49,3
62,57,4
61,57,4
61,58,4
60,57,4
59,57,4
59,58,4
60,58,4
12,53,5
14,54,5
24,56,4
25,57,4
26,56,4
27,56,4
16,55,5
14,53,5
13,53,5
16,53,5
16,57,5
25,56,4
5,13,3
4,13,3
35,47,6
33,46,6
36,46,6
33,45,6
32,44,6
60,47,3
59,48,3
58,48,3
58,47,3
59,47,3
34,44,6
34,45,6
34,46,6
