6,12,1
4,14,1
3,14,1
2,14,1
3,15,1
4,15,7
5,15,7
6,15,7
5,16,7
1,15,1
0,15,1
0,16,1
1,16,1
2,15,1
79,16,1
79,17,1
0,17,1
1,17,1
2,16,1
3,16,1
2,17,1
3,17,1
4,17,7
4,16,7
5,17,7
5,18,7
4,18,7
3,18,1
2,18,1
1,18,1
78,17,1
77,18,1
76,17,1
76,18,1
75,18,1
74,18,1
73,18,1
73,19,1
72,18,1
71,19,1
70,18,1
69,19,1
68,18,1
67,18,1
66,18,1
66,17,1
65,18,1
64,17,1
63,18,1
62,17,1
61,18,1
60,18,1
59,18,1
58,17,1
57,18,1
57,17,1
56,17,1
55,17,1
55,18,1
55,19,1
56,19,1
56,20,1
57,20,1
58,20,1
58,21,7
59,21,7
59,22,7
60,21,7
61,22,7
61,23,7
61,24,7
61,25,1
61,26,2
60,25,2
60,26,2
60,27,2
60,28,2
60,29,2
60,30,2
60,31,2
60,32,1
61,33,1
61,34,1
62,34,1
61,35,1
60,35,1
60,36,1
60,37,1
60,38,1
60,39,1
60,40,1
61,41,1
62,41,1
63,42,1
63,43,1
63,44,4
64,44,4
65,45,4
66,45,4
67,46,4
68,45,4
70,46,4
71,46,4
72,46,4
73,46,4
74,46,4
75,47,4
76,46,3
77,47,3
78,46,3
78,47,3
79,47,1
78,45,1
78,44,1
79,44,1
0,42,1
1,42,1
2,41,1
3,41,1
4,40,1
5,40,1
6,39,1
2,19,2
3,20,1
4,20,2
4,21,2
4,22,1
5,23,1
6,22,1
6,23,1
7,24,1
7,25,1
7,26,1
8,26,2
9,27,2
9,28,1
9,29,1
8,29,1
8,30,1
7,31,1
7,32,1
7,33,1
7,34,1
7,35,1
7,36,1
7,37,1
6,37,1
6,38,1
7,40,1
8,40,1
9,41,1
10,40,1
11,41,1
11,42,4
12,41,4
12,42,4
13,43,4
14,43,4
15,44,4
16,44,4
17,45,4
18,44,3
18,45,4
19,45,5
20,44,5
21,45,5
22,45,5
23,45,5
24,45,5
25,45,5
26,45,5
27,45,4
28,45,1
29,45,3
29,46,1
30,45,1
30,44,3
31,43,3
31,42,7
32,41,7
32,40,7
32,39,7
32,38,7
32,37,7
32,36,1
32,35,1
33,35,1
33,34,1
33,33,1
33,32,1
33,31,1
33,30,1
33,29,5
33,28,5
33,27,1
34,27,1
34,26,1
35,27,1
35,26,1
36,26,1
36,25,1
37,26,1
38,25,1
39,25,1
7,15,7
8,14,1
9,14,1
10,14,1
12,14,1
13,15,1
14,15,1
15,16,1
16,15,1
17,16,1
18,15,1
19,16,1
20,15,1
21,16,1
22,15,1
23,15,1
24,14,1
25,15,1
26,14,1
27,15,1
28,14,1
29,15,1
30,14,7
31,15,7
32,14,7
33,15,7
34,14,7
35,15,7
36,14,1
37,14,1
38,14,1
39,14,1
40,14,2
41,14,2
42,14,2
43,14,2
43,15,2
44,15,2
45,15,2
46,15,2
46,14,2
47,15,2
48,14,2
49,14,2
50,15,2
50,16,2
49,17,2
48,17,2
47,18,1
47,19,1
47,20,1
47,21,1
47,22,1
46,22,1
45,23,1
44,22,1
44,23,1
40,24,1
50,14,2
43,23,1
42,23,1
41,24,5
40,23,1
11,15,1
5,12,1
1,14,1
5,19,7
6,16,7
6,17,7
7,13,1
8,13,1
7,17,1
7,16,7
8,15,1
7,18,7
6,18,7
5,20,1
6,19,1
8,16,1
9,15,1
10,13,1
11,12,1
4,19,1
3,21,2
3,19,1
2,20,2
1,20,2
1,19,1
5,21,2
0,19,1
0,18,1
79,18,1
78,18,1
79,19,1
1,21,2
2,21,2
3,22,1
0,20,1
79,20,1
78,19,1
5,22,1
3,23,1
3,24,1
4,23,1
4,24,1
5,24,1
7,23,1
6,24,1
5,25,1
7,22,2
8,22,2
8,23,1
8,24,1
73,45,3
73,44,3
74,43,3
75,43,3
76,42,3
77,43,1
78,42,1
74,44,3
74,45,3
75,45,3
75,44,3
76,44,3
76,45,3
75,46,3
77,46,3
77,45,1
79,45,1
79,43,1
0,43,1
78,43,1
77,44,1
76,43,3
79,48,1
79,46,1
0,45,1
0,46,1
0,47,1
2,47,1
2,46,1
2,45,1
1,45,1
0,44,1
1,46,1
1,47,1
1,43,1
1,44,1
2,43,1
2,44,1
3,47,4
3,46,4
3,45,4
3,44,1
3,43,1
2,42,1
0,41,1
79,42,1
78,41,2
77,42,1
77,41,2
78,40,2
79,41,2
0,40,2
72,45,4
71,45,3
72,44,3
72,43,3
73,43,3
74,42,3
77,40,2
1,41,1
1,40,2
2,40,1
2,39,2
1,39,2
1,38,2
0,39,2
0,38,2
78,39,2
77,39,2
79,39,2
79,40,2
2,38,2
3,39,2
3,40,2
4,39,2
4,41,1
3,42,1
4,42,4
4,43,4
4,44,4
4,45,4
6,42,4
5,43,4
5,42,4
5,41,1
6,40,1
5,39,1
7,38,1
8,36,1
9,37,1
9,36,1
10,36,4
11,37,5
12,37,5
13,38,5
14,38,4
15,39,3
15,40,3
15,41,3
16,41,3
16,42,3
16,43,3
15,45,4
16,45,5
16,46,5
15,47,5
15,48,5
14,47,5
13,47,5
13,46,5
13,45,4
12,45,5
12,44,4
11,45,4
11,46,5
10,45,4
10,46,5
9,46,5
9,45,5
9,44,4
9,43,4
8,42,4
7,43,4
7,42,4
8,41,4
7,41,1
6,41,4
7,39,1
8,39,1
9,38,1
9,39,1
8,38,1
8,37,1
9,40,1
9,42,4
10,42,4
10,41,1
10,39,1
10,38,1
10,43,4
10,44,4
11,40,1
11,39,1
11,38,4
10,37,4
12,38,4
12,39,3
12,40,3
12,43,4
11,44,4
11,43,4
13,39,3
13,40,3
13,41,3
13,42,4
13,44,4
14,46,5
14,45,4
14,44,4
14,42,4
14,41,3
14,40,3
14,39,3
15,43,3
15,42,3
15,46,5
17,44,3
18,43,3
17,43,3
17,42,3
18,42,3
19,43,3
19,44,3
8,28,1
7,30,1
8,35,1
6,36,1
6,35,1
6,34,1
6,33,1
5,34,1
5,35,1
10,35,1
10,34,1
11,35,1
11,34,1
12,33,1
12,32,1
13,32,1
14,31,1
14,30,1
15,31,1
15,30,2
16,30,2
16,29,2
16,28,2
17,28,2
17,27,2
16,26,2
17,26,2
17,25,2
17,24,2
18,23,2
18,22,2
19,22,2
19,21,2
19,20,2
18,19,2
18,20,2
17,20,2
16,20,2
15,20,2
14,20,2
13,21,2
12,21,2
12,22,2
11,22,2
11,23,2
10,23,2
9,24,2
9,25,2
8,25,2
9,26,2
10,24,2
11,24,2
13,22,2
14,22,2
14,21,2
15,22,2
15,21,2
13,23,2
13,24,2
12,23,2
11,25,2
11,26,2
10,26,2
10,25,2
12,25,2
13,25,2
14,24,2
15,24,2
15,23,2
16,22,2
17,22,2
17,21,2
18,21,2
16,21,2
12,24,2
14,23,2
15,25,2
16,24,2
17,23,2
16,23,2
15,26,2
15,27,2
15,28,2
14,28,2
13,29,1
13,30,1
14,29,1
16,27,2
16,25,2
15,29,2
14,26,2
14,27,2
14,25,2
13,27,2
13,28,2
12,28,2
13,26,2
12,26,2
11,28,2
10,28,1
10,29,1
9,30,1
10,27,1
11,27,2
12,27,2
11,30,1
10,30,1
10,31,1
9,32,1
9,33,1
12,29,1
11,29,1
12,30,1
12,31,1
13,31,1
11,33,1
10,33,1
9,34,1
9,35,1
8,34,1
8,33,1
8,32,1
8,31,1
9,31,1
11,32,1
11,31,1
10,32,1
12,12,1
13,13,1
14,12,7
15,13,7
16,13,7
17,14,7
18,13,7
19,14,1
20,13,1
21,14,1
22,14,1
21,15,1
20,14,1
19,15,1
18,14,7
16,14,7
15,14,1
14,14,1
14,13,1
13,14,1
12,13,1
11,13,1
11,14,1
15,15,1
17,15,7
4,12,1
7,14,7
8,17,1
7,19,1
7,20,1
6,20,1
9,16,1
8,18,1
8,19,1
9,20,2
9,19,2
9,18,2
9,17,1
9,21,2
8,20,2
10,19,2
11,18,1
11,17,1
12,16,1
11,16,1
10,17,1
10,16,1
10,15,1
10,18,2
10,20,2
10,21,2
9,22,2
8,21,2
7,21,2
6,21,2
9,23,2
10,22,2
11,19,2
11,20,2
11,21,2
12,18,2
12,17,1
12,15,1
12,19,2
12,20,2
13,20,2
13,19,2
13,18,2
13,17,1
13,16,1
14,16,1
14,17,1
14,18,2
14,19,2
15,18,2
16,17,1
16,16,1
16,18,2
16,19,2
15,19,2
15,17,1
6,25,1
5,26,1
4,25,1
6,26,1
5,27,1
6,27,1
17,18,2
17,17,2
17,19,2
18,18,2
18,17,1
18,16,1
19,18,1
20,18,2
20,17,1
21,18,2
21,17,1
19,17,1
20,16,1
19,19,2
20,19,2
21,19,2
22,17,1
22,16,1
22,18,1
22,19,2
22,20,2
22,21,2
22,22,2
22,23,2
21,24,2
21,25,2
21,26,2
20,26,2
20,25,2
20,24,2
20,23,2
20,22,2
21,22,2
21,21,2
20,21,2
21,20,2
20,20,2
21,23,2
19,24,2
19,23,2
19,25,2
18,24,2
18,25,2
18,26,2
18,27,2
18,28,2
18,29,2
19,27,2
19,26,2
17,29,2
17,30,2
19,30,2
20,30,2
21,30,2
22,30,2
23,31,2
24,30,2
24,31,2
25,31,2
26,31,2
27,31,2
28,31,2
29,32,1
29,33,1
30,32,1
31,33,1
32,32,1
31,32,1
31,31,1
32,30,1
32,29,1
32,28,1
32,27,1
32,26,1
32,25,1
32,31,1
30,31,1
30,30,1
30,29,1
31,29,1
31,28,1
31,27,1
31,26,1
31,25,1
31,24,1
30,26,2
30,28,1
31,30,1
29,31,1
28,30,2
28,29,2
29,29,1
29,28,2
30,27,1
30,25,2
30,24,1
29,25,2
29,27,2
29,30,1
27,30,2
26,29,2
25,30,2
24,29,2
23,30,2
22,29,2
21,29,2
20,28,2
20,29,2
19,29,2
19,28,2
20,27,2
22,28,2
25,28,2
26,28,2
26,30,2
25,29,2
24,28,2
23,28,2
21,28,2
21,27,2
22,26,2
22,25,2
23,24,2
24,23,2
22,27,2
23,27,2
23,26,2
24,24,2
23,29,2
23,25,2
22,24,2
25,25,2
26,25,2
26,26,2
25,27,2
24,27,2
24,26,2
26,24,2
27,24,2
27,23,2
24,25,2
25,24,2
25,26,2
26,23,2
27,28,2
27,29,2
27,27,2
27,26,2
27,25,2
27,22,2
28,22,2
26,27,2
29,23,2
30,22,1
31,21,2
30,21,2
29,22,2
28,23,2
28,24,2
28,25,2
28,26,2
28,27,2
28,28,2
29,26,2
31,23,1
31,22,1
32,21,1
33,21,1
35,20,1
37,19,1
34,21,1
33,22,1
32,22,1
30,23,1
29,24,2
37,20,1
38,19,1
42,18,1
43,18,2
45,17,2
46,16,2
41,19,1
39,20,1
37,21,1
35,22,1
33,23,1
32,24,1
33,25,1
34,24,1
35,23,1
37,22,1
39,21,1
40,20,1
41,20,1
42,19,1
43,19,1
44,18,1
41,21,1
38,22,1
36,23,1
35,25,1
33,26,1
34,25,1
36,24,1
38,23,1
40,22,1
42,21,1
43,21,1
44,20,1
44,21,1
41,23,1
39,24,1
38,24,1
37,25,1
37,24,1
37,23,1
36,22,1
36,21,1
36,20,1
36,19,1
36,18,1
36,17,1
35,17,1
35,18,1
34,20,1
35,21,1
34,22,1
34,23,1
33,24,1
32,23,1
35,24,1
39,22,1
40,21,1
38,21,1
38,20,1
39,23,1
41,22,1
42,22,1
43,22,1
45,22,1
45,21,1
46,20,1
46,19,1
46,18,1
46,17,2
45,18,2
45,19,1
44,19,1
45,20,1
42,20,1
43,20,1
46,21,1
47,16,2
47,17,2
45,16,2
43,16,2
44,16,2
44,17,2
43,17,2
42,16,2
42,15,2
41,15,2
40,15,2
39,15,2
38,15,1
37,15,1
39,16,1
41,16,2
42,17,1
41,17,2
40,16,2
39,17,1
38,16,1
37,17,1
36,16,1
36,15,1
40,17,1
38,17,1
38,18,1
37,18,1
39,18,1
41,18,1
40,18,1
39,19,1
40,19,1
37,16,1
34,15,7
32,15,1
30,15,1
29,16,1
28,15,1
27,16,1
26,15,1
25,16,1
24,15,1
31,16,1
33,16,1
33,17,1
32,16,1
31,17,1
30,16,1
28,17,1
26,17,1
25,17,1
24,17,1
23,18,1
23,17,1
23,16,1
24,16,1
27,17,1
29,17,1
30,17,1
32,17,1
34,16,1
35,16,1
34,17,1
34,18,1
33,19,1
33,20,1
32,19,1
34,19,1
35,19,1
32,20,1
32,18,1
33,18,1
31,19,1
30,19,2
30,20,2
29,20,2
29,21,2
28,20,2
26,21,2
25,21,2
25,22,2
24,21,2
24,22,2
26,22,2
25,23,2
23,23,2
23,22,2
23,21,2
23,20,2
23,19,2
24,18,1
25,18,1
26,16,1
28,16,1
27,18,1
25,19,2
25,20,2
24,20,2
24,19,2
26,18,1
26,19,2
26,20,2
27,20,2
27,19,2
28,18,1
29,18,1
30,18,2
31,18,1
29,19,2
28,19,2
27,21,2
28,21,2
31,20,1
48,16,2
48,15,2
49,15,2
49,16,2
69,46,4
69,45,4
68,44,4
70,45,4
70,44,3
70,43,3
71,44,3
71,43,3
72,42,3
73,42,3
74,41,3
75,41,3
75,42,3
76,41,3
76,40,3
76,39,3
76,38,2
76,37,3
76,36,3
76,35,3
77,36,3
77,35,3
75,37,3
75,38,3
74,39,3
74,40,3
75,40,3
75,39,3
75,36,3
76,34,3
76,33,3
76,32,3
76,31,2
76,30,2
74,33,3
74,34,3
74,36,4
73,37,4
73,38,4
73,40,3
73,41,3
72,41,3
71,42,3
70,42,3
69,44,1
67,44,1
66,44,4
65,44,4
64,43,4
64,41,1
65,40,1
66,38,1
67,38,3
65,41,1
65,42,1
64,42,1
65,43,1
66,43,1
67,45,4
67,42,1
67,40,3
68,39,3
69,37,3
71,35,4
72,34,4
72,33,3
70,35,3
68,37,3
66,39,1
67,39,3
68,38,3
69,38,3
70,36,3
75,33,3
77,32,3
75,34,3
73,36,4
72,37,4
70,39,3
69,41,3
68,41,3
66,42,1
66,41,1
66,40,1
67,41,1
68,40,3
69,40,3
70,38,4
71,38,4
74,35,4
70,40,3
72,38,4
74,37,3
73,39,3
69,42,3
68,43,1
68,42,1
71,40,3
72,39,4
70,41,3
67,43,1
69,43,3
71,41,3
72,40,4
71,39,3
69,39,3
71,37,4
72,35,4
73,34,4
75,31,1
74,32,3
73,33,3
71,36,4
70,37,3
72,36,4
73,35,4
75,35,3
74,38,3
79,37,2
1,37,2
0,37,2
79,38,2
78,38,2
77,38,2
77,37,3
78,36,2
78,37,3
79,36,2
0,36,2
1,36,2
2,37,2
3,38,2
4,38,2
4,37,1
5,38,1
5,37,1
4,36,2
4,35,2
5,36,1
3,37,2
2,36,2
2,35,2
2,34,2
3,34,2
3,33,3
3,32,3
2,31,2
2,30,2
2,29,2
2,33,2
3,35,2
3,36,2
4,34,2
4,33,2
4,32,3
4,31,3
4,30,2
4,29,2
3,29,2
3,30,2
3,31,2
5,32,3
5,33,3
6,32,3
6,31,3
6,30,3
5,30,3
5,31,3
6,29,3
7,29,1
7,28,1
7,27,1
8,27,1
6,28,1
5,28,1
4,28,1
4,27,1
3,27,1
3,26,1
2,25,1
0,24,1
79,24,1
79,25,1
0,25,1
1,26,1
2,26,1
3,28,1
5,29,1
4,26,1
3,25,1
2,24,1
1,25,1
1,24,1
1,23,1
2,22,1
2,23,1
0,23,1
0,22,1
1,22,2
0,21,1
79,21,1
78,20,1
77,21,1
77,20,1
76,20,1
76,19,1
77,19,1
78,21,1
79,22,1
79,23,1
78,23,1
78,22,1
77,22,1
76,21,1
74,21,1
73,21,1
73,20,1
74,19,1
75,19,1
74,20,1
75,21,1
75,20,1
75,22,1
72,20,1
71,20,1
70,19,1
72,19,1
69,20,1
68,19,1
67,19,1
66,19,1
65,19,1
64,18,1
63,19,1
62,18,1
61,19,1
59,19,1
58,18,1
57,19,1
56,18,1
58,19,1
60,19,1
60,20,7
61,21,7
62,20,1
62,21,7
63,22,7
62,22,7
59,20,1
62,19,1
61,20,1
63,20,1
64,19,1
65,20,1
66,20,1
67,20,1
67,21,1
68,20,1
69,21,1
70,20,1
72,21,1
74,22,1
76,22,1
77,23,1
77,24,1
78,24,1
2,27,1
2,28,2
1,28,2
1,27,1
0,27,1
0,26,1
79,27,1
78,25,1
77,26,1
76,25,1
75,25,1
74,24,1
74,23,1
73,24,1
73,23,1
72,22,1
71,22,1
70,21,1
71,21,1
73,22,1
75,23,1
76,23,1
76,24,1
77,25,1
79,26,1
75,24,1
71,23,1
69,22,1
68,22,1
67,22,1
66,21,1
65,21,1
64,21,1
64,20,1
63,21,7
68,21,1
70,22,1
72,23,1
78,26,1
79,28,1
0,28,2
0,29,2
1,30,2
1,31,2
2,32,2
1,29,2
1,32,2
1,33,2
1,34,2
1,35,2
0,35,2
0,34,2
0,33,2
0,32,2
0,31,2
0,30,2
79,33,3
79,34,2
79,35,2
79,31,2
79,30,2
79,29,2
79,32,3
78,34,3
78,35,2
78,33,3
78,32,3
78,31,3
78,30,2
78,29,2
78,28,1
78,27,1
77,28,1
77,29,1
77,30,2
77,31,2
77,33,3
77,34,3
75,32,3
74,31,1
73,31,1
71,30,1
69,29,1
67,28,1
66,27,2
65,27,2
64,26,2
63,26,2
63,25,1
62,24,1
62,23,7
63,23,7
64,22,1
65,23,1
65,22,1
64,23,1
63,24,1
64,24,1
64,25,1
65,26,2
67,26,1
68,26,1
69,28,1
70,28,1
68,28,1
67,27,1
66,26,2
66,25,2
66,24,1
65,24,1
66,22,1
66,23,1
65,25,1
67,24,1
68,23,1
69,23,1
69,24,1
70,25,1
70,26,1
71,27,1
72,27,1
73,28,1
69,26,1
68,25,1
68,24,1
67,25,1
67,23,1
69,25,1
70,23,1
70,24,1
71,25,1
72,25,1
73,25,1
74,25,1
75,26,1
76,26,1
77,27,1
75,27,1
71,24,1
72,24,1
74,28,1
75,29,1
74,27,1
73,27,1
72,26,1
71,26,1
73,26,1
75,28,1
76,28,1
76,27,1
76,29,1
74,29,1
73,30,1
73,29,1
72,28,1
71,28,1
70,27,1
69,27,1
68,27,1
74,26,1
75,30,1
74,30,1
72,31,1
71,32,3
70,33,3
69,33,3
70,32,3
71,33,3
72,32,3
73,32,3
69,35,3
68,35,3
67,37,3
66,37,1
65,38,1
65,39,1
64,39,1
63,40,1
63,41,1
62,40,1
62,39,1
61,40,1
61,39,1
61,36,1
61,37,1
61,38,1
63,33,1
63,36,1
63,37,1
63,38,1
63,39,1
64,40,1
62,37,1
62,36,1
62,33,1
62,32,1
63,31,1
63,35,1
62,38,1
62,35,1
62,31,2
62,30,2
62,29,2
61,29,2
61,28,2
61,27,2
62,25,2
62,26,2
62,27,2
62,28,2
61,30,2
61,31,2
61,32,1
63,27,2
63,28,2
63,29,2
63,30,2
64,31,1
64,32,1
64,33,1
64,34,1
63,34,1
63,32,1
64,35,1
64,36,1
64,37,1
64,38,1
65,35,1
65,33,1
65,32,1
65,31,1
66,29,1
66,28,1
65,28,2
65,29,2
65,30,1
65,34,1
65,36,1
65,37,1
66,33,1
66,32,1
66,31,1
66,30,1
67,29,1
67,30,1
67,31,1
67,32,3
67,33,3
67,34,3
67,35,3
67,36,3
66,36,1
66,35,1
66,34,1
68,30,1
69,30,1
68,29,1
68,31,3
68,32,3
68,33,3
68,34,3
68,36,3
69,36,3
69,34,3
70,34,3
71,34,3
71,31,1
71,29,1
70,29,1
70,30,1
70,31,3
69,32,3
69,31,3
72,29,1
72,30,1
64,30,2
64,29,2
64,28,2
64,27,2
25,14,1
26,13,1
27,14,1
27,13,1
27,12,2
28,12,1
29,12,2
30,12,7
31,12,2
30,13,7
31,13,7
32,13,7
33,14,7
31,14,7
29,14,7
28,13,7
29,13,7
27,11,2
28,10,2
29,10,2
29,9,1
30,10,2
30,11,2
31,11,2
29,11,2
28,11,2
30,9,1
28,8,1
28,7,1
27,8,1
27,7,7
27,6,7
27,5,7
28,4,7
28,3,7
29,3,7
30,2,7
31,2,7
32,2,7
31,9,1
31,8,1
32,7,1
33,7,1
34,6,1
35,6,1
36,4,2
36,3,2
37,3,1
37,2,2
36,2,2
35,3,2
34,3,2
33,4,2
33,5,2
32,5,1
31,7,1
30,7,1
29,8,1
29,7,1
29,5,7
29,4,7
28,6,7
28,5,7
30,5,7
30,4,7
30,3,7
31,4,7
32,3,7
31,3,7
31,5,7
29,6,7
31,6,7
32,4,2
30,6,1
30,8,1
32,6,1
33,6,1
34,5,2
34,4,2
35,4,2
35,5,2
35,7,1
35,8,1
36,7,1
36,6,1
40,5,1
40,6,1
39,6,1
38,6,1
38,7,1
39,7,1
40,7,1
41,7,1
40,8,1
39,8,1
39,9,1
41,8,1
42,7,1
42,8,1
41,9,1
42,6,1
42,5,1
41,6,1
41,5,1
42,4,1
43,5,1
43,6,1
37,7,1
18,30,2
17,31,2
18,31,2
21,31,2
32,33,1
32,34,1
24,33,2
23,33,2
22,33,2
21,33,2
21,32,2
20,31,2
19,31,2
19,32,2
19,33,2
18,32,2
17,33,2
16,32,2
16,31,2
15,32,2
14,32,1
13,33,1
13,34,1
12,34,1
12,35,1
11,36,4
12,36,5
13,37,4
14,37,4
15,37,1
15,38,4
16,38,3
16,39,3
16,40,3
17,40,3
18,40,3
19,41,3
19,42,3
18,41,3
17,41,3
20,41,3
20,42,3
20,43,3
21,44,4
22,43,4
23,44,4
24,43,4
24,44,4
22,44,4
25,44,4
26,44,4
27,44,4
20,45,5
28,44,3
29,44,3
30,43,3
30,42,3
31,41,7
31,35,1
30,34,1
28,33,1
27,34,1
26,33,2
25,33,2
24,32,2
23,32,2
22,31,2
22,32,2
25,32,2
26,32,2
27,32,2
27,33,2
28,32,2
28,34,1
29,35,1
30,33,1
29,34,1
31,34,1
30,35,1
30,36,7
30,37,7
31,38,7
31,39,7
31,40,7
30,40,7
30,41,7
30,39,7
31,36,1
31,37,7
30,38,7
29,40,7
29,41,7
29,42,3
29,43,3
28,40,3
28,39,1
28,37,7
29,36,7
29,37,7
29,38,7
29,39,7
28,41,3
27,40,1
27,39,1
27,38,1
27,36,1
27,37,1
28,42,3
27,43,3
26,42,3
25,42,3
24,41,3
24,40,3
24,39,1
25,37,1
26,36,1
26,39,1
26,40,1
26,41,3
26,43,3
28,43,3
27,41,3
27,42,3
25,43,4
23,43,4
22,42,4
21,43,4
21,42,3
21,40,3
21,39,1
21,38,1
21,37,1
21,36,1
22,35,1
22,34,2
22,36,1
22,37,1
22,38,1
23,40,3
23,41,3
23,42,4
24,42,3
22,41,3
22,40,3
22,39,1
23,39,1
23,38,1
23,37,1
23,36,1
23,35,2
24,35,1
25,38,1
25,39,1
25,40,1
25,41,1
24,38,1
24,36,1
24,34,2
23,34,2
25,34,2
26,34,1
26,35,1
25,36,1
25,35,2
24,37,1
26,38,1
26,37,1
28,38,1
28,36,7
28,35,1
27,35,1
21,34,2
20,32,2
17,32,2
15,33,1
14,33,1
14,34,1
14,35,1
13,36,1
13,35,1
14,36,1
15,35,1
16,34,1
16,35,1
16,36,1
16,33,1
15,34,1
16,37,1
15,36,1
17,37,1
18,38,1
18,39,3
19,40,3
20,40,3
19,39,1
17,39,3
17,38,1
18,36,1
18,35,1
18,34,1
19,34,2
19,35,1
20,35,1
20,36,1
20,38,1
20,39,3
19,38,1
21,41,3
19,37,1
19,36,1
18,37,1
20,37,1
21,35,2
20,34,1
20,33,2
18,33,2
17,34,1
17,35,1
17,36,1
34,35,1
33,36,1
35,35,1
36,35,4
36,36,1
35,36,1
34,34,1
34,33,1
34,32,4
34,31,4
35,33,4
35,34,1
36,34,4
37,36,1
34,36,1
35,37,1
37,37,1
37,35,4
36,33,4
35,32,4
34,30,4
38,35,1
43,24,5
42,24,5
41,25,5
40,25,5
39,26,5
38,26,5
37,27,5
36,27,5
35,28,5
34,28,5
34,29,5
35,30,4
35,31,4
36,31,5
36,32,5
37,33,5
37,34,5
38,34,5
39,35,5
39,36,5
39,37,5
40,36,5
40,37,5
41,37,4
42,37,3
43,38,5
44,38,5
45,39,4
46,38,5
47,39,5
48,38,5
49,39,5
50,38,5
51,38,5
52,38,5
53,37,4
53,36,4
54,35,1
54,36,4
52,37,5
53,38,5
54,38,5
55,38,4
55,37,4
56,36,4
56,35,4
56,34,1
56,33,1
56,32,1
56,31,2
56,30,2
56,29,2
55,28,2
54,27,2
53,27,2
52,27,2
51,27,2
50,26,1
49,26,1
48,25,1
47,25,1
46,25,1
45,25,1
44,24,5
48,26,1
53,28,2
54,28,2
55,29,2
55,30,2
54,31,2
54,32,1
55,33,1
55,34,1
55,35,1
55,36,1
54,37,5
54,34,1
54,33,1
55,32,2
55,31,2
54,30,2
54,29,2
53,29,2
52,28,2
51,28,2
50,27,1
49,27,1
47,27,1
47,26,1
46,26,1
45,26,1
44,25,4
43,25,4
42,25,4
41,26,4
40,26,4
39,27,4
38,27,4
37,28,4
36,28,4
35,29,4
37,30,4
38,29,4
38,30,3
39,32,4
40,32,3
40,33,4
39,34,4
38,33,5
41,33,3
38,32,4
37,31,4
38,31,4
37,32,5
36,30,4
36,29,4
37,29,4
38,28,4
39,28,4
40,28,4
41,28,4
41,27,4
42,26,4
43,27,1
43,26,4
40,27,4
40,29,4
40,30,3
39,31,3
39,29,4
39,30,3
39,33,4
42,34,3
43,35,3
44,35,3
44,36,4
44,37,4
43,37,4
42,36,3
40,35,5
40,34,4
41,36,4
42,35,3
41,35,4
41,34,4
43,36,3
45,37,4
46,37,4
45,38,5
45,35,3
45,33,3
45,32,3
45,31,1
45,30,1
45,29,1
46,27,1
45,27,1
44,26,1
44,28,1
44,29,1
44,30,1
44,31,1
44,33,3
44,34,3
42,32,3
42,30,1
44,27,1
43,28,1
42,29,1
41,31,3
41,32,3
40,31,3
41,29,1
42,28,1
42,27,1
41,30,1
43,29,1
43,30,1
43,31,1
43,33,3
43,34,3
42,33,3
43,32,3
42,31,3
44,32,3
45,34,3
46,35,3
46,36,4
47,38,5
47,37,4
47,35,3
47,34,3
47,33,3
47,30,1
47,29,1
47,28,1
46,28,1
45,28,1
46,29,1
46,30,1
46,31,1
46,32,3
46,33,3
46,34,3
45,36,3
47,36,3
48,35,3
48,34,3
48,33,3
48,31,1
47,31,1
47,32,1
48,36,4
49,37,4
50,36,4
51,36,3
48,37,4
49,38,5
50,37,4
51,37,4
52,36,4
52,35,1
53,35,1
53,34,1
53,32,1
52,31,1
52,30,1
52,29,2
53,31,2
52,33,1
52,32,1
53,33,1
51,32,1
50,32,1
49,33,1
48,32,1
50,33,3
50,34,3
50,35,3
49,35,3
49,36,3
49,34,3
51,34,3
51,35,3
52,34,1
51,33,1
49,31,1
49,30,1
48,29,1
48,28,1
48,27,1
48,30,1
50,31,1
50,30,1
50,29,1
50,28,1
49,28,1
49,29,1
51,29,2
51,30,1
51,31,1
53,30,2
49,32,1
55,39,4
56,39,1
57,40,1
58,40,1
59,41,1
59,40,1
59,39,1
57,39,1
56,38,4
56,37,4
57,38,4
58,38,1
58,39,1
59,38,1
58,37,4
57,37,4
58,35,1
59,37,4
57,35,1
57,36,4
58,36,4
59,36,1
59,35,1
58,34,1
57,34,1
57,33,1
58,33,1
60,34,1
60,33,1
59,34,1
59,33,2
58,32,2
57,32,2
57,31,2
57,30,2
57,29,2
58,28,2
59,28,2
59,27,2
58,29,2
58,30,2
58,31,2
59,32,2
59,31,2
59,30,2
59,29,2
78,48,1
77,49,4
76,49,4
75,49,4
75,50,1
74,50,1
73,51,1
72,50,1
71,51,1
70,51,1
69,51,1
69,52,1
68,52,1
67,53,1
66,52,1
65,52,1
64,51,1
64,50,1
64,49,1
64,48,1
63,48,8
63,47,4
62,47,8
62,46,8
62,45,4
63,45,4
64,45,5
64,46,4
64,47,1
65,50,1
63,52,1
62,52,1
61,52,1
61,51,8
61,50,8
62,48,8
63,49,8
63,50,1
63,51,1
62,51,1
62,50,8
62,49,8
65,51,1
66,51,1
67,51,1
68,50,1
69,50,1
68,51,1
67,52,1
65,49,1
65,48,4
65,47,4
65,46,5
63,46,4
66,50,1
66,49,1
66,48,1
66,47,4
66,46,5
67,49,1
67,50,1
67,48,4
67,47,5
69,47,5
69,48,4
69,49,1
68,49,1
68,48,1
68,47,4
68,46,5
70,50,1
71,50,1
72,49,1
73,50,1
74,49,1
76,48,4
77,48,4
76,47,4
75,48,4
74,48,4
73,49,4
72,48,4
73,48,5
73,47,5
74,47,5
71,48,4
70,48,4
70,49,1
70,47,5
71,47,5
72,47,5
71,49,1
61,49,8
61,48,8
61,47,8
60,48,8
60,49,8
60,51,8
60,52,3
59,52,3
59,53,4
72,51,1
73,52,1
74,51,1
75,51,1
76,51,1
77,50,1
77,51,1
76,50,1
71,52,1
70,52,1
69,53,1
68,53,1
67,54,1
66,53,1
66,54,1
65,55,1
64,55,1
63,56,3
63,57,1
62,57,3
61,57,3
61,58,1
60,57,3
61,56,3
64,54,1
65,53,1
64,53,1
63,55,1
62,55,3
62,56,3
63,54,1
64,52,1
65,54,1
60,56,3
59,57,3
59,56,3
59,54,4
59,55,4
60,55,4
61,55,3
62,53,1
63,53,1
62,54,3
61,54,3
61,53,3
60,53,3
60,54,4
58,57,1
57,58,1
56,57,1
55,58,1
56,58,1
59,58,3
60,58,1
57,57,1
57,56,3
57,55,3
58,55,3
58,56,3
58,54,4
58,53,4
3,48,4
4,48,1
5,48,1
5,49,1
6,49,1
6,50,1
6,51,1
6,52,1
7,52,1
8,52,1
10,52,1
11,53,1
12,52,1
12,53,1
13,54,1
14,54,1
14,55,1
14,56,1
15,57,1
15,58,1
16,58,3
16,59,1
17,59,1
18,58,1
19,58,3
20,57,3
21,58,3
21,57,3
23,57,3
24,56,3
25,57,3
26,56,7
27,56,7
27,55,7
28,55,7
28,54,7
28,53,7
28,52,7
28,51,1
28,50,1
28,49,1
29,49,1
30,47,1
30,46,1
31,47,1
31,46,1
4,47,4
4,46,4
5,46,5
5,45,5
5,44,5
6,43,4
6,44,5
6,45,5
5,47,5
6,46,5
7,45,1
7,44,1
8,43,4
8,44,1
8,45,1
8,46,1
8,48,1
7,50,1
7,51,1
6,48,1
6,47,1
7,47,1
7,46,1
7,49,1
8,50,1
8,51,1
9,52,1
9,53,1
10,51,1
10,50,1
10,49,1
9,49,1
8,47,1
7,48,1
10,47,1
11,48,1
11,47,1
9,48,1
9,47,1
10,48,1
9,50,1
8,49,1
9,51,1
17,50,3
18,51,1
18,52,1
18,53,1
17,55,1
16,55,1
13,52,1
12,50,1
11,51,1
11,49,1
12,47,1
12,46,1
13,48,1
14,48,4
15,49,3
16,49,3
16,48,4
16,47,4
17,47,4
17,46,4
19,46,4
20,46,4
21,46,4
22,46,4
23,46,5
23,47,1
24,46,4
25,47,4
25,46,5
26,46,4
27,46,5
28,46,4
29,47,1
30,48,1
28,48,1
27,49,1
27,48,1
28,47,1
29,48,1
27,47,4
26,47,4
25,49,1
22,49,1
20,50,1
20,51,1
19,53,1
19,54,1
19,52,1
19,50,1
19,49,3
18,47,3
18,46,4
18,48,3
18,49,3
17,49,3
17,48,3
19,51,1
18,50,3
17,51,3
16,50,3
15,51,1
13,50,1
12,49,1
12,48,1
13,49,1
14,49,1
15,50,3
11,50,1
11,52,1
13,51,1
14,50,1
12,51,1
14,51,1
15,53,1
15,54,1
14,53,1
13,53,1
14,52,1
16,51,1
17,52,3
17,53,1
16,53,1
16,52,1
15,52,1
15,55,1
15,56,1
16,56,1
16,57,1
17,58,3
18,57,3
20,56,3
22,56,3
23,56,3
22,57,3
24,55,3
25,55,7
26,54,7
27,54,7
27,53,7
27,52,1
27,51,1
27,50,1
26,50,1
26,51,1
26,52,7
26,55,7
25,54,7
26,53,7
23,54,7
23,55,7
21,55,3
20,55,3
19,56,3
19,57,3
18,56,3
21,56,3
22,55,3
24,54,7
25,56,3
17,56,1
17,57,1
19,55,3
18,54,1
16,54,1
17,54,1
18,55,3
20,54,1
20,53,1
20,52,1
21,50,1
20,49,1
20,48,3
20,47,3
19,47,3
19,48,3
21,47,1
21,48,1
21,49,1
22,48,1
22,47,1
23,48,1
24,47,1
25,48,1
26,48,1
26,49,1
24,48,1
24,49,1
23,50,1
23,51,1
23,52,1
22,52,1
22,53,1
22,54,1
21,54,1
21,53,1
21,52,1
21,51,1
22,50,1
22,51,1
23,49,1
24,50,1
24,51,1
24,52,1
24,53,7
23,53,1
25,52,7
25,51,1
25,50,1
25,53,7
38,36,1
38,37,1
38,38,1
37,38,1
36,37,1
7,12,1
6,11,1
7,11,1
10,9,7
11,9,7
11,10,7
12,11,7
12,10,7
12,9,7
6,14,7
5,13,1
6,13,1
4,13,1
5,14,7
13,10,7
14,10,7
15,10,7
15,11,7
13,12,7
13,11,7
14,11,7
17,12,7
17,13,7
16,12,7
15,12,7
16,11,7
54,57,1
53,57,1
52,56,1
51,56,1
50,55,1
48,54,1
45,52,1
44,51,1
42,50,3
39,49,3
37,48,1
35,48,1
35,47,1
34,47,1
33,47,1
32,46,1
32,45,3
33,46,3
36,47,1
38,48,3
38,49,1
40,49,3
41,50,3
43,51,3
46,52,1
47,53,1
48,53,1
49,55,1
39,50,3
39,51,1
40,51,1
40,52,1
40,50,3
41,52,3
42,51,3
43,52,1
44,52,1
41,51,3
39,48,3
36,46,3
35,46,3
33,45,3
32,44,3
31,45,1
31,44,3
32,43,3
32,42,3
33,42,3
33,41,1
33,40,1
33,39,1
33,38,1
33,37,1
34,37,1
35,38,1
36,38,1
37,39,1
38,39,1
39,40,3
39,39,4
39,38,4
40,38,4
41,39,4
42,38,4
41,38,4
43,39,4
46,39,4
45,40,4
44,39,4
47,40,4
48,39,4
49,40,4
50,39,4
51,39,4
52,39,4
53,40,4
53,39,4
54,39,1
55,40,1
56,40,1
57,41,1
58,41,1
59,42,1
60,42,1
60,41,1
61,42,1
62,42,1
62,43,1
62,44,4
61,45,4
61,46,8
60,46,8
60,47,8
59,48,8
58,48,8
59,49,8
59,50,8
60,50,8
59,51,8
58,51,3
58,52,3
57,53,4
57,54,4
56,54,3
56,55,3
56,56,1
55,57,1
54,56,1
53,56,1
52,55,4
51,55,1
50,54,1
49,54,4
50,53,4
52,54,4
53,55,4
54,55,4
55,56,1
55,55,3
55,54,4
55,53,4
55,52,4
56,50,3
56,48,8
57,47,8
57,51,3
56,52,4
56,53,4
56,51,4
57,52,4
54,50,4
51,50,1
49,49,1
48,48,1
47,48,1
45,47,1
51,48,1
51,51,4
51,52,4
51,54,4
52,52,5
52,49,4
53,48,4
53,47,4
52,48,1
52,50,4
52,51,4
53,53,5
53,54,5
53,51,5
53,49,4
53,46,1
53,45,1
54,47,1
54,49,4
54,51,4
54,52,4
54,53,4
54,46,1
55,44,1
55,43,1
54,48,4
54,54,4
53,52,5
52,53,5
51,53,4
50,52,4
48,51,1
48,50,1
47,51,1
46,50,1
46,49,1
45,50,1
45,49,1
44,48,1
41,47,1
39,46,1
39,47,3
40,47,3
40,48,3
41,49,3
42,49,1
43,50,1
44,50,1
45,51,1
46,51,1
47,52,1
48,52,1
49,53,4
49,52,4
49,51,1
50,50,1
50,49,1
51,49,1
51,47,1
51,46,1
50,48,1
50,51,4
49,50,1
48,49,1
47,49,1
46,48,1
45,48,1
44,47,1
44,49,1
43,49,1
42,48,1
41,48,3
42,47,1
43,48,1
42,46,1
47,50,1
46,46,1
46,47,1
47,47,1
49,47,1
49,48,1
48,47,1
48,46,1
49,45,1
50,43,1
49,42,3
49,41,4
49,44,1
49,46,1
50,46,1
50,47,1
50,45,1
50,44,1
51,44,1
51,43,1
51,42,3
50,42,1
49,43,3
48,42,3
48,43,3
48,44,1
48,45,1
47,46,1
46,45,1
45,46,1
44,46,1
43,47,1
43,46,1
43,45,1
44,44,1
44,43,3
44,41,3
44,40,4
44,42,3
44,45,1
45,41,3
45,42,3
45,43,3
45,44,1
45,45,1
46,44,1
46,43,3
46,40,4
47,41,3
46,41,3
46,42,3
47,42,3
47,43,3
47,44,1
47,45,1
48,41,3
48,40,4
51,41,3
52,40,1
51,40,4
50,40,4
50,41,3
52,41,1
53,42,1
52,42,1
52,43,1
52,44,1
52,45,1
52,46,1
52,47,1
51,45,1
53,50,5
55,51,4
55,50,4
55,49,4
55,48,4
55,46,1
55,45,1
55,47,4
56,47,8
56,49,8
57,50,8
58,50,8
58,49,8
57,49,8
57,48,8
58,47,8
59,47,8
59,46,8
60,45,4
60,44,4
61,44,4
61,43,1
59,45,8
58,45,8
57,46,8
58,46,8
56,46,8
56,45,1
56,44,1
56,43,1
56,42,1
56,41,1
57,42,1
57,43,1
57,44,1
57,45,1
58,44,1
59,44,1
60,43,1
59,43,1
58,42,1
58,43,1
54,44,1
54,45,1
53,44,1
53,43,1
54,42,1
54,43,1
55,42,1
55,41,1
54,40,1
53,41,1
54,41,1
43,40,4
42,39,4
40,39,3
40,40,3
41,41,3
42,40,3
43,41,3
42,41,3
41,40,3
43,42,3
43,43,3
43,44,1
42,44,1
42,45,1
41,46,1
40,46,1
40,45,1
40,44,1
41,43,1
42,42,3
42,43,1
41,44,1
41,45,1
38,46,3
38,47,3
37,47,3
37,46,3
36,44,1
36,43,3
35,43,3
34,43,3
34,44,3
34,45,3
34,46,3
33,44,3
33,43,3
34,41,1
35,42,3
35,41,1
35,40,1
35,39,1
34,38,1
34,39,1
34,40,1
34,42,3
35,44,3
35,45,3
36,45,3
37,45,1
38,44,1
37,44,1
37,43,3
36,42,3
36,41,3
36,40,1
36,39,1
37,40,1
37,41,1
37,42,3
38,42,3
38,43,1
38,45,1
39,45,1
39,44,1
39,43,3
39,42,3
38,41,3
38,40,1
39,41,3
40,41,3
41,42,1
40,42,1
40,43,1
